rank_number,actor,contributions,percent,cumulative_sum,cumulative_percent,all_contributions
1,whynowy,2004,1.86152,2004,1.86152,107654
2,CLAassistant,1166,1.08310,3170,2.94462,107654
3,jgwest,690,0.64094,3860,3.58556,107654
4,dcherman,315,0.29260,4175,3.87817,107654
5,mark9white,246,0.22851,4421,4.10668,107654
6,iam-veeramalla,216,0.20064,4637,4.30732,107654
7,roi-codefresh,211,0.19600,4848,4.50332,107654
8,binarycrayon,173,0.16070,5021,4.66402,107654
9,noam-codefresh,154,0.14305,5175,4.80707,107654
10,roofi07,107,0.09939,5282,4.90646,107654
11,shubhamagarwal19,105,0.09753,5387,5.00399,107654
12,mukulikak,104,0.09661,5491,5.10060,107654
13,gaganapplatix,100,0.09289,5591,5.19349,107654
14,reginapizza,100,0.09289,5691,5.28638,107654
15,cyee88,99,0.09196,5790,5.37834,107654
16,sandeepbhojwani,98,0.09103,5888,5.46937,107654
17,tim-sendible,96,0.08917,5984,5.55855,107654
18,jnevelson,95,0.08825,6079,5.64679,107654
19,rachelwang20,92,0.08546,6171,5.73225,107654
20,kennytrytek,83,0.07710,6254,5.80935,107654
21,jangraefen,80,0.07431,6334,5.88366,107654
22,samath117,80,0.07431,6414,5.95798,107654
23,bobuxFromAmazonEy,72,0.06688,6486,6.02486,107654
24,christopheblin,69,0.06409,6555,6.08895,107654
25,emichaf,65,0.06038,6620,6.14933,107654
26,marcb1,65,0.06038,6685,6.20971,107654
27,ishitasequeira,57,0.05295,6742,6.26266,107654
28,servo1x,57,0.05295,6799,6.31560,107654
29,francis-ax,56,0.05202,6855,6.36762,107654
30,rumstead,56,0.05202,6911,6.41964,107654
31,unikzforce,56,0.05202,6967,6.47166,107654
32,book987,52,0.04830,7019,6.51996,107654
33,chgl,51,0.04737,7070,6.56734,107654
34,saranyaeu2987,51,0.04737,7121,6.61471,107654
35,sylock,50,0.04645,7171,6.66116,107654
36,jackywu,49,0.04552,7220,6.70667,107654
37,mksha,49,0.04552,7269,6.75219,107654
38,dgiebert,47,0.04366,7316,6.79585,107654
39,ghostsquad,47,0.04366,7363,6.83950,107654
40,tmshn,47,0.04366,7410,6.88316,107654
41,lcjlcj,46,0.04273,7456,6.92589,107654
42,rajivml,44,0.04087,7500,6.96676,107654
43,wanghong230,44,0.04087,7544,7.00764,107654
44,gaganhegde,41,0.03808,7585,7.04572,107654
45,ebr,40,0.03716,7625,7.08288,107654
46,perenesenko,40,0.03716,7665,7.12003,107654
47,felixApplatix,38,0.03530,7703,7.15533,107654
48,reggie-k,38,0.03530,7741,7.19063,107654
49,sestegra,38,0.03530,7779,7.22593,107654
50,coreycaverly,37,0.03437,7816,7.26030,107654
51,goock,37,0.03437,7853,7.29467,107654
52,tomgoren,36,0.03344,7889,7.32811,107654
53,yutachaos,36,0.03344,7925,7.36155,107654
54,arckey,35,0.03251,7960,7.39406,107654
55,arnarg,35,0.03251,7995,7.42657,107654
56,chazapis,35,0.03251,8030,7.45908,107654
57,lueenavarro,35,0.03251,8065,7.49159,107654
58,rwong2888,35,0.03251,8100,7.52411,107654
59,zhaoyun006,35,0.03251,8135,7.55662,107654
60,amitkrout,34,0.03158,8169,7.58820,107654
61,amitm02,33,0.03065,8202,7.61885,107654
62,basanthjenuhb,33,0.03065,8235,7.64951,107654
63,hanjunlee,33,0.03065,8268,7.68016,107654
64,fsiegmund,32,0.02972,8300,7.70989,107654
65,ivancili,32,0.02972,8332,7.73961,107654
66,mickkael,32,0.02972,8364,7.76934,107654
67,vrodomista,32,0.02972,8396,7.79906,107654
68,crunchtime-ali,31,0.02880,8427,7.82786,107654
69,seddonm1,31,0.02880,8458,7.85665,107654
70,bmayfi3ld,30,0.02787,8488,7.88452,107654
71,descrepes,30,0.02787,8518,7.91239,107654
72,masa213f,30,0.02787,8548,7.94025,107654
73,mr-sour,30,0.02787,8578,7.96812,107654
74,drewboswell,29,0.02694,8607,7.99506,107654
75,hawksight,29,0.02694,8636,8.02200,107654
76,jaideepr97,29,0.02694,8665,8.04893,107654
77,lonsdale8734,29,0.02694,8694,8.07587,107654
78,markterm,29,0.02694,8723,8.10281,107654
79,MarkSRobinson,28,0.02601,8751,8.12882,107654
80,dimitarKiryakov,27,0.02508,8778,8.15390,107654
81,itai-codefresh,27,0.02508,8805,8.17898,107654
82,jemisonf,27,0.02508,8832,8.20406,107654
83,stevesea,27,0.02508,8859,8.22914,107654
84,tafkam,27,0.02508,8886,8.25422,107654
85,wecger,27,0.02508,8913,8.27930,107654
86,zcc35357949,27,0.02508,8940,8.30438,107654
87,dmayle,26,0.02415,8966,8.32853,107654
88,james-d-elliott,26,0.02415,8992,8.35269,107654
89,shashwat-appdirect,26,0.02415,9018,8.37684,107654
90,zhujl1991,26,0.02415,9044,8.40099,107654
91,cyrus-mc,25,0.02322,9069,8.42421,107654
92,dontreboot,25,0.02322,9094,8.44743,107654
93,dove-young,25,0.02322,9119,8.47066,107654
94,simonfrey,25,0.02322,9144,8.49388,107654
95,kostas-theo,24,0.02229,9168,8.51617,107654
96,Numblesix,24,0.02229,9192,8.53847,107654
97,shivamsood,24,0.02229,9216,8.56076,107654
98,shokada,24,0.02229,9240,8.58305,107654
99,Unb9rn,24,0.02229,9264,8.60535,107654
100,davidcollom,23,0.02136,9287,8.62671,107654
101,disposab1e,23,0.02136,9310,8.64808,107654
102,gaurav517,23,0.02136,9333,8.66944,107654
103,idsvandermolen,23,0.02136,9356,8.69081,107654
104,omerfsen,23,0.02136,9379,8.71217,107654
105,aviklai,22,0.02044,9401,8.73261,107654
106,duongnt,22,0.02044,9423,8.75304,107654
107,iamnoah,22,0.02044,9445,8.77348,107654
108,iven,22,0.02044,9467,8.79391,107654
109,jpresky,22,0.02044,9489,8.81435,107654
110,krrrr38,22,0.02044,9511,8.83479,107654
111,lanmarti,22,0.02044,9533,8.85522,107654
112,leoluz,22,0.02044,9555,8.87566,107654
113,mnacharov,22,0.02044,9577,8.89609,107654
114,teddybearz,22,0.02044,9599,8.91653,107654
115,TrevorNodeJS,22,0.02044,9621,8.93696,107654
116,harikrongali,21,0.01951,9642,8.95647,107654
117,laymain,21,0.01951,9663,8.97598,107654
118,LD-Oteemo,21,0.01951,9684,8.99549,107654
119,Leletir,21,0.01951,9705,9.01499,107654
120,stephen-harris,21,0.01951,9726,9.03450,107654
121,tico24,21,0.01951,9747,9.05401,107654
122,wouter2397,21,0.01951,9768,9.07351,107654
123,yu-croco,21,0.01951,9789,9.09302,107654
124,Atharex,20,0.01858,9809,9.11160,107654
125,eddycharly,20,0.01858,9829,9.13018,107654
126,everton-nasc,20,0.01858,9849,9.14875,107654
127,meurig,20,0.01858,9869,9.16733,107654
128,michaeljohnalbers,20,0.01858,9889,9.18591,107654
129,nouseforaname,20,0.01858,9909,9.20449,107654
130,ozankabak,20,0.01858,9929,9.22307,107654
131,tanenbaum,20,0.01858,9949,9.24164,107654
132,yydzhou,20,0.01858,9969,9.26022,107654
133,askreet,19,0.01765,9988,9.27787,107654
134,ericandrewmeadows,19,0.01765,10007,9.29552,107654
135,jurgenweber,19,0.01765,10026,9.31317,107654
136,kclaes,19,0.01765,10045,9.33082,107654
137,ozooxo,19,0.01765,10064,9.34847,107654
138,snuggie12,19,0.01765,10083,9.36612,107654
139,tschonnie,19,0.01765,10102,9.38377,107654
140,xubofei1983,19,0.01765,10121,9.40142,107654
141,juliusvonkohout,18,0.01672,10139,9.41814,107654
142,LiorLieberman,18,0.01672,10157,9.43486,107654
143,magmax,18,0.01672,10175,9.45158,107654
144,marxarelli,18,0.01672,10193,9.46830,107654
145,PedroArvela,18,0.01672,10211,9.48502,107654
146,rbkaspr,18,0.01672,10229,9.50174,107654
147,YourPsychiatrist,18,0.01672,10247,9.51846,107654
148,AmitBenAmi,17,0.01579,10264,9.53425,107654
149,bklaubos,17,0.01579,10281,9.55004,107654
150,BlackRider97,17,0.01579,10298,9.56583,107654
151,dsbos,17,0.01579,10315,9.58162,107654
152,dudadornelles,17,0.01579,10332,9.59741,107654
153,firecast,17,0.01579,10349,9.61321,107654
154,jbaskeen,17,0.01579,10366,9.62900,107654
155,kvendingoldo,17,0.01579,10383,9.64479,107654
156,lucastheisen,17,0.01579,10400,9.66058,107654
157,narg95,17,0.01579,10417,9.67637,107654
158,opensourceonly,17,0.01579,10434,9.69216,107654
159,perezjasonr,17,0.01579,10451,9.70795,107654
160,searsaw,17,0.01579,10468,9.72374,107654
161,smitthakkar96,17,0.01579,10485,9.73954,107654
162,wangzhipeng,17,0.01579,10502,9.75533,107654
163,werne2j,17,0.01579,10519,9.77112,107654
164,wshi5985,17,0.01579,10536,9.78691,107654
165,yunhailuo,17,0.01579,10553,9.80270,107654
166,arbielsk,16,0.01486,10569,9.81756,107654
167,arnoldcui,16,0.01486,10585,9.83243,107654
168,copierrj,16,0.01486,10601,9.84729,107654
169,denist-huma,16,0.01486,10617,9.86215,107654
170,enderson-pan,16,0.01486,10633,9.87701,107654
171,essh,16,0.01486,10649,9.89188,107654
172,fayak,16,0.01486,10665,9.90674,107654
173,fvdnabee,16,0.01486,10681,9.92160,107654
174,hongymagic,16,0.01486,10697,9.93646,107654
175,jackiemazy,16,0.01486,10713,9.95133,107654
176,josephmcgovern-wf,16,0.01486,10729,9.96619,107654
177,juchaosong,16,0.01486,10745,9.98105,107654
178,kabilan6,16,0.01486,10761,9.99591,107654
179,nfickas,16,0.01486,10777,10.01078,107654
180,ragarcia26,16,0.01486,10793,10.02564,107654
181,tinkerborg,16,0.01486,10809,10.04050,107654
182,Zefool,16,0.01486,10825,10.05536,107654
183,balchua,15,0.01393,10840,10.06930,107654
184,clcchai,15,0.01393,10855,10.08323,107654
185,codex70,15,0.01393,10870,10.09716,107654
186,dseapy,15,0.01393,10885,10.11110,107654
187,ericmeadows,15,0.01393,10900,10.12503,107654
188,HumairAK,15,0.01393,10915,10.13896,107654
189,jdziedzic,15,0.01393,10930,10.15290,107654
190,robintanner,15,0.01393,10945,10.16683,107654
191,TPX01,15,0.01393,10960,10.18076,107654
192,vilmosnagy,15,0.01393,10975,10.19470,107654
193,westonplatter,15,0.01393,10990,10.20863,107654
194,zx8,15,0.01393,11005,10.22256,107654
195,aletepe,14,0.01300,11019,10.23557,107654
196,Alger7w,14,0.01300,11033,10.24857,107654
197,anarcher,14,0.01300,11047,10.26158,107654
198,ArgTang,14,0.01300,11061,10.27458,107654
199,avifried1,14,0.01300,11075,10.28759,107654
200,cchanley2003,14,0.01300,11089,10.30059,107654
201,dudicoco,14,0.01300,11103,10.31360,107654
202,dylanhellems,14,0.01300,11117,10.32660,107654
203,gordonbondon,14,0.01300,11131,10.33961,107654
204,guoweis-outreach,14,0.01300,11145,10.35261,107654
205,hblixt,14,0.01300,11159,10.36562,107654
206,hermanhobnob,14,0.01300,11173,10.37862,107654
207,jeff51419,14,0.01300,11187,10.39163,107654
208,jiezhang,14,0.01300,11201,10.40463,107654
209,moshewe,14,0.01300,11215,10.41763,107654
210,starcraft66,14,0.01300,11229,10.43064,107654
211,suzuki-shunsuke,14,0.01300,11243,10.44364,107654
212,TomHellier,14,0.01300,11257,10.45665,107654
213,vgunapati,14,0.01300,11271,10.46965,107654
214,willgleich,14,0.01300,11285,10.48266,107654
215,wktmeow,14,0.01300,11299,10.49566,107654
216,1Psy,13,0.01208,11312,10.50774,107654
217,Aenima4six2,13,0.01208,11325,10.51981,107654
218,alexmojo,13,0.01208,11338,10.53189,107654
219,duluong,13,0.01208,11351,10.54396,107654
220,ionutz89,13,0.01208,11364,10.55604,107654
221,istepura,13,0.01208,11377,10.56812,107654
222,JasonPad19,13,0.01208,11390,10.58019,107654
223,jyotishp,13,0.01208,11403,10.59227,107654
224,jzyeezy,13,0.01208,11416,10.60434,107654
225,k8sedu,13,0.01208,11429,10.61642,107654
226,marcstreeter,13,0.01208,11442,10.62849,107654
227,mballoni,13,0.01208,11455,10.64057,107654
228,mhoyer,13,0.01208,11468,10.65265,107654
229,mmckane,13,0.01208,11481,10.66472,107654
230,Rayyis,13,0.01208,11494,10.67680,107654
231,RiyaJohn,13,0.01208,11507,10.68887,107654
232,snowzach,13,0.01208,11520,10.70095,107654
233,WillooWisp,13,0.01208,11533,10.71303,107654
234,aleeshadawson,12,0.01115,11545,10.72417,107654
235,alex-lipkin-create,12,0.01115,11557,10.73532,107654
236,anderson4u2,12,0.01115,11569,10.74647,107654
237,Asuforce,12,0.01115,11581,10.75761,107654
238,bpayt2,12,0.01115,11593,10.76876,107654
239,carlosdoordash,12,0.01115,11605,10.77991,107654
240,chtcvl,12,0.01115,11617,10.79105,107654
241,ckeragala,12,0.01115,11629,10.80220,107654
242,cmontemuino,12,0.01115,11641,10.81335,107654
243,dirien,12,0.01115,11653,10.82449,107654
244,gabrielcalderon,12,0.01115,11665,10.83564,107654
245,haghabozorgi,12,0.01115,11677,10.84679,107654
246,Hunter-Thompson,12,0.01115,11689,10.85793,107654
247,jef,12,0.01115,11701,10.86908,107654
248,joe-sonrichard,12,0.01115,11713,10.88023,107654
249,joyciep,12,0.01115,11725,10.89137,107654
250,kenchan0130,12,0.01115,11737,10.90252,107654
251,kennytrytek-wf,12,0.01115,11749,10.91367,107654
252,KPostOffice,12,0.01115,11761,10.92481,107654
253,loreleimccollum-work,12,0.01115,11773,10.93596,107654
254,lowc1012,12,0.01115,11785,10.94711,107654
255,LS80,12,0.01115,11797,10.95826,107654
256,marcozov,12,0.01115,11809,10.96940,107654
257,neilharris123,12,0.01115,11821,10.98055,107654
258,prateekkhera,12,0.01115,11833,10.99170,107654
259,punjabdhaputar,12,0.01115,11845,11.00284,107654
260,s50600822,12,0.01115,11857,11.01399,107654
261,sahil-sawhney,12,0.01115,11869,11.02514,107654
262,saitoy1,12,0.01115,11881,11.03628,107654
263,secretlifeof,12,0.01115,11893,11.04743,107654
264,SimoneFalzone,12,0.01115,11905,11.05858,107654
265,sjc960115,12,0.01115,11917,11.06972,107654
266,tobisinghania,12,0.01115,11929,11.08087,107654
267,Velyks,12,0.01115,11941,11.09202,107654
268,wdma,12,0.01115,11953,11.10316,107654
269,yovizzle,12,0.01115,11965,11.11431,107654
270,a5a5a9,11,0.01022,11976,11.12453,107654
271,abatilo,11,0.01022,11987,11.13475,107654
272,AbhishekMallick,11,0.01022,11998,11.14496,107654
273,adamglt,11,0.01022,12009,11.15518,107654
274,aisensiy,11,0.01022,12020,11.16540,107654
275,amalagaura,11,0.01022,12031,11.17562,107654
276,boniek83,11,0.01022,12042,11.18584,107654
277,chrisob,11,0.01022,12053,11.19605,107654
278,daanemanz,11,0.01022,12064,11.20627,107654
279,danilorsilva,11,0.01022,12075,11.21649,107654
280,dctrwatson,11,0.01022,12086,11.22671,107654
281,Eji4h,11,0.01022,12097,11.23693,107654
282,fj-sanchez,11,0.01022,12108,11.24714,107654
283,GerbenWelter,11,0.01022,12119,11.25736,107654
284,gevalter,11,0.01022,12130,11.26758,107654
285,Guillermogsjc,11,0.01022,12141,11.27780,107654
286,haibingzhao,11,0.01022,12152,11.28802,107654
287,jw3,11,0.01022,12163,11.29823,107654
288,ken-ie,11,0.01022,12174,11.30845,107654
289,mrkwtz,11,0.01022,12185,11.31867,107654
290,Obirah,11,0.01022,12196,11.32889,107654
291,oren-codefresh,11,0.01022,12207,11.33910,107654
292,paydaycay,11,0.01022,12218,11.34932,107654
293,process0,11,0.01022,12229,11.35954,107654
294,pupseba,11,0.01022,12240,11.36976,107654
295,rayanebel,11,0.01022,12251,11.37998,107654
296,rory-lamendola,11,0.01022,12262,11.39019,107654
297,saharMlowell,11,0.01022,12273,11.40041,107654
298,shibataka000,11,0.01022,12284,11.41063,107654
299,shmargum,11,0.01022,12295,11.42085,107654
300,sturman,11,0.01022,12306,11.43107,107654
301,Subreptivus,11,0.01022,12317,11.44128,107654
302,thiago4int,11,0.01022,12328,11.45150,107654
303,tse77,11,0.01022,12339,11.46172,107654
304,tsunamishaun,11,0.01022,12350,11.47194,107654
305,tszngai,11,0.01022,12361,11.48216,107654
306,vjpie2002,11,0.01022,12372,11.49237,107654
307,wrdls,11,0.01022,12383,11.50259,107654
308,zoux86,11,0.01022,12394,11.51281,107654
309,2044smile,10,0.00929,12404,11.52210,107654
310,AnyISalIn,10,0.00929,12414,11.53139,107654
311,bgdnlp,10,0.00929,12424,11.54068,107654
312,blairham,10,0.00929,12434,11.54997,107654
313,booleanbetrayal,10,0.00929,12444,11.55925,107654
314,Boolman,10,0.00929,12454,11.56854,107654
315,chocopowwwa,10,0.00929,12464,11.57783,107654
316,donoftime,10,0.00929,12474,11.58712,107654
317,ediezh,10,0.00929,12484,11.59641,107654
318,ferwasy,10,0.00929,12494,11.60570,107654
319,fire,10,0.00929,12504,11.61499,107654
320,gethinzhang,10,0.00929,12514,11.62428,107654
321,hideto0710,10,0.00929,12524,11.63357,107654
322,hyorigo,10,0.00929,12534,11.64286,107654
323,jbmcfarlin31,10,0.00929,12544,11.65214,107654
324,jsalinaspolo,10,0.00929,12554,11.66143,107654
325,kaaquist,10,0.00929,12564,11.67072,107654
326,kevinhwang,10,0.00929,12574,11.68001,107654
327,L3Nerd,10,0.00929,12584,11.68930,107654
328,madhuresh04,10,0.00929,12594,11.69859,107654
329,maryoush,10,0.00929,12604,11.70788,107654
330,matoszz,10,0.00929,12614,11.71717,107654
331,monsterxx03,10,0.00929,12624,11.72646,107654
332,mtsmfm,10,0.00929,12634,11.73575,107654
333,nalbam,10,0.00929,12644,11.74504,107654
334,nextrevision,10,0.00929,12654,11.75432,107654
335,ofirshtrull,10,0.00929,12664,11.76361,107654
336,orcaman,10,0.00929,12674,11.77290,107654
337,paravatha,10,0.00929,12684,11.78219,107654
338,PayungsakCNR,10,0.00929,12694,11.79148,107654
339,rdpa,10,0.00929,12704,11.80077,107654
340,sanoojm,10,0.00929,12714,11.81006,107654
341,scottweitzner,10,0.00929,12724,11.81935,107654
342,seperman,10,0.00929,12734,11.82864,107654
343,shabbir-taulia,10,0.00929,12744,11.83793,107654
344,shadiramadan,10,0.00929,12754,11.84721,107654
345,softwarebloat,10,0.00929,12764,11.85650,107654
346,SPFZ,10,0.00929,12774,11.86579,107654
347,srehmanproov,10,0.00929,12784,11.87508,107654
348,sylus,10,0.00929,12794,11.88437,107654
349,test-account-0,10,0.00929,12804,11.89366,107654
350,TTRh,10,0.00929,12814,11.90295,107654
351,WaldoFR,10,0.00929,12824,11.91224,107654
352,wnagele,10,0.00929,12834,11.92153,107654
353,yoichiwo7,10,0.00929,12844,11.93082,107654
354,Zava2012,10,0.00929,12854,11.94010,107654
355,zonnie,10,0.00929,12864,11.94939,107654
356,a-hat,9,0.00836,12873,11.95775,107654
357,amarruedo,9,0.00836,12882,11.96611,107654
358,aniekgul,9,0.00836,12891,11.97447,107654
359,ashrafgt,9,0.00836,12900,11.98283,107654
360,bortek,9,0.00836,12909,11.99119,107654
361,cbuckley01,9,0.00836,12918,11.99955,107654
362,chittu11,9,0.00836,12927,12.00791,107654
363,christophercutajar,9,0.00836,12936,12.01627,107654
364,David-Development,9,0.00836,12945,12.02463,107654
365,Deepa050,9,0.00836,12954,12.03299,107654
366,digibank-rons,9,0.00836,12963,12.04135,107654
367,djajcevic,9,0.00836,12972,12.04971,107654
368,empath,9,0.00836,12981,12.05807,107654
369,Erog38,9,0.00836,12990,12.06644,107654
370,fangpenlin,9,0.00836,12999,12.07480,107654
371,Fixmetal,9,0.00836,13008,12.08316,107654
372,fwfichtner,9,0.00836,13017,12.09152,107654
373,gupash,9,0.00836,13026,12.09988,107654
374,hect1995,9,0.00836,13035,12.10824,107654
375,irizzant,9,0.00836,13044,12.11660,107654
376,jaysiee,9,0.00836,13053,12.12496,107654
377,jl431,9,0.00836,13062,12.13332,107654
378,jrcjoro,9,0.00836,13071,12.14168,107654
379,maganaluis,9,0.00836,13080,12.15004,107654
380,maguowei,9,0.00836,13089,12.15840,107654
381,mateustanaka,9,0.00836,13098,12.16676,107654
382,matthewhembree,9,0.00836,13107,12.17512,107654
383,mckjhd,9,0.00836,13116,12.18348,107654
384,mhaddon,9,0.00836,13125,12.19184,107654
385,msbecker,9,0.00836,13134,12.20020,107654
386,mukulika-applatix,9,0.00836,13143,12.20856,107654
387,ongchinkai,9,0.00836,13152,12.21692,107654
388,pacospace,9,0.00836,13161,12.22528,107654
389,Rajeskumar,9,0.00836,13170,12.23364,107654
390,russellwhitaker,9,0.00836,13179,12.24200,107654
391,saranicole,9,0.00836,13188,12.25036,107654
392,StephenWeber,9,0.00836,13197,12.25872,107654
393,s-u-b-h-a-k-a-r,9,0.00836,13206,12.26708,107654
394,sudarshntn,9,0.00836,13215,12.27544,107654
395,talhairfanbentley,9,0.00836,13224,12.28380,107654
396,Timoses,9,0.00836,13233,12.29216,107654
397,tolko,9,0.00836,13242,12.30052,107654
398,tomqwpl,9,0.00836,13251,12.30888,107654
399,windsource,9,0.00836,13260,12.31724,107654
400,yujingz,9,0.00836,13269,12.32560,107654
401,2qif49lt,8,0.00743,13277,12.33303,107654
402,aarosil,8,0.00743,13285,12.34046,107654
403,acj,8,0.00743,13293,12.34789,107654
404,AleksanderGondek,8,0.00743,13301,12.35532,107654
405,AlexDHoffer,8,0.00743,13309,12.36275,107654
406,alwaysastudent,8,0.00743,13317,12.37019,107654
407,AndersonReyes,8,0.00743,13325,12.37762,107654
408,augabet,8,0.00743,13333,12.38505,107654
409,AustinSmart,8,0.00743,13341,12.39248,107654
410,CadenOf,8,0.00743,13349,12.39991,107654
411,candonov,8,0.00743,13357,12.40734,107654
412,cemsusal,8,0.00743,13365,12.41477,107654
413,CH-anhngo,8,0.00743,13373,12.42220,107654
414,conanoc,8,0.00743,13381,12.42964,107654
415,dbseel,8,0.00743,13389,12.43707,107654
416,dguendisch,8,0.00743,13397,12.44450,107654
417,dynamicmindset,8,0.00743,13405,12.45193,107654
418,encigem,8,0.00743,13413,12.45936,107654
419,exherb,8,0.00743,13421,12.46679,107654
420,gmahomarf,8,0.00743,13429,12.47422,107654
421,gmfmi,8,0.00743,13437,12.48165,107654
422,gregfriedland,8,0.00743,13445,12.48909,107654
423,gzur,8,0.00743,13453,12.49652,107654
424,hintofbasil,8,0.00743,13461,12.50395,107654
425,HuanxinHu,8,0.00743,13469,12.51138,107654
426,jaimejorge,8,0.00743,13477,12.51881,107654
427,jaredclarke,8,0.00743,13485,12.52624,107654
428,jayz28,8,0.00743,13493,12.53367,107654
429,jfdumont,8,0.00743,13501,12.54110,107654
430,jopfeffe,8,0.00743,13509,12.54854,107654
431,jpambrun,8,0.00743,13517,12.55597,107654
432,justinmchase,8,0.00743,13525,12.56340,107654
433,KaiReichart,8,0.00743,13533,12.57083,107654
434,karabill,8,0.00743,13541,12.57826,107654
435,leoxiongideahq,8,0.00743,13549,12.58569,107654
436,lkeijser,8,0.00743,13557,12.59312,107654
437,ludydoo,8,0.00743,13565,12.60055,107654
438,luozhaoyu,8,0.00743,13573,12.60798,107654
439,m3y,8,0.00743,13581,12.61542,107654
440,mailtoraja18,8,0.00743,13589,12.62285,107654
441,makzzz1986,8,0.00743,13597,12.63028,107654
442,manupm87,8,0.00743,13605,12.63771,107654
443,MohamedTalhaoui,8,0.00743,13613,12.64514,107654
444,nandeeshb09,8,0.00743,13621,12.65257,107654
445,naor2013,8,0.00743,13629,12.66000,107654
446,nestorsokil,8,0.00743,13637,12.66743,107654
447,nivedita-atci,8,0.00743,13645,12.67487,107654
448,onuryartasi,8,0.00743,13653,12.68230,107654
449,philipp1992,8,0.00743,13661,12.68973,107654
450,pittar,8,0.00743,13669,12.69716,107654
451,romachalm,8,0.00743,13677,12.70459,107654
452,sanandan,8,0.00743,13685,12.71202,107654
453,simonfr,8,0.00743,13693,12.71945,107654
454,smcavallo,8,0.00743,13701,12.72688,107654
455,snorwin,8,0.00743,13709,12.73432,107654
456,stefanhenseler,8,0.00743,13717,12.74175,107654
457,Sushant20,8,0.00743,13725,12.74918,107654
458,TaylorHere,8,0.00743,13733,12.75661,107654
459,tigerwings,8,0.00743,13741,12.76404,107654
460,u849296,8,0.00743,13749,12.77147,107654
461,uucloud,8,0.00743,13757,12.77890,107654
462,worms,8,0.00743,13765,12.78633,107654
463,xakraz,8,0.00743,13773,12.79377,107654
464,xinbinhuang,8,0.00743,13781,12.80120,107654
465,yxue-kabam,8,0.00743,13789,12.80863,107654
466,aime1,7,0.00650,13796,12.81513,107654
467,akonale,7,0.00650,13803,12.82163,107654
468,albertrdixon,7,0.00650,13810,12.82813,107654
469,aliusmiles,7,0.00650,13817,12.83464,107654
470,alnsantosh,7,0.00650,13824,12.84114,107654
471,andyleap,7,0.00650,13831,12.84764,107654
472,appanycd,7,0.00650,13838,12.85414,107654
473,austinpray-mixpanel,7,0.00650,13845,12.86065,107654
474,automagic,7,0.00650,13852,12.86715,107654
475,benchi,7,0.00650,13859,12.87365,107654
476,BEvgeniyS,7,0.00650,13866,12.88015,107654
477,bnoeson,7,0.00650,13873,12.88666,107654
478,boundless-thread,7,0.00650,13880,12.89316,107654
479,bukbuk1231,7,0.00650,13887,12.89966,107654
480,catalinvr,7,0.00650,13894,12.90616,107654
481,cburbridge,7,0.00650,13901,12.91266,107654
482,c-dante,7,0.00650,13908,12.91917,107654
483,cocotyty,7,0.00650,13915,12.92567,107654
484,cp1408,7,0.00650,13922,12.93217,107654
485,cuericlee,7,0.00650,13929,12.93867,107654
486,czerasz,7,0.00650,13936,12.94518,107654
487,ddiawara,7,0.00650,13943,12.95168,107654
488,Duske,7,0.00650,13950,12.95818,107654
489,ebkn,7,0.00650,13957,12.96468,107654
490,eplightning,7,0.00650,13964,12.97119,107654
491,eramirez51,7,0.00650,13971,12.97769,107654
492,erhhung,7,0.00650,13978,12.98419,107654
493,ermeaney,7,0.00650,13985,12.99069,107654
494,gerdos82,7,0.00650,13992,12.99719,107654
495,gevraud,7,0.00650,13999,13.00370,107654
496,giordyb,7,0.00650,14006,13.01020,107654
497,gorantornqvist,7,0.00650,14013,13.01670,107654
498,grantisdale,7,0.00650,14020,13.02320,107654
499,hakuno,7,0.00650,14027,13.02971,107654
500,hamza-tumturk,7,0.00650,14034,13.03621,107654
501,hfuss,7,0.00650,14041,13.04271,107654
502,iamcnx,7,0.00650,14048,13.04921,107654
503,ibexmonj,7,0.00650,14055,13.05572,107654
504,jcstryker,7,0.00650,14062,13.06222,107654
505,jdomag,7,0.00650,14069,13.06872,107654
506,jerguslejko,7,0.00650,14076,13.07522,107654
507,jewel77,7,0.00650,14083,13.08172,107654
508,jonaslar,7,0.00650,14090,13.08823,107654
509,jonathanendy,7,0.00650,14097,13.09473,107654
510,jtmiclat,7,0.00650,14104,13.10123,107654
511,kashook,7,0.00650,14111,13.10773,107654
512,kfirfer,7,0.00650,14118,13.11424,107654
513,laloyalo,7,0.00650,14125,13.12074,107654
514,lonfme,7,0.00650,14132,13.12724,107654
515,LudoNieuwenhuizen,7,0.00650,14139,13.13374,107654
516,lukaslentner,7,0.00650,14146,13.14025,107654
517,maciekm,7,0.00650,14153,13.14675,107654
518,MarkHarris21,7,0.00650,14160,13.15325,107654
519,markushinz,7,0.00650,14167,13.15975,107654
520,martinjaimem,7,0.00650,14174,13.16625,107654
521,matt-carr,7,0.00650,14181,13.17276,107654
522,MatteoJoliveau,7,0.00650,14188,13.17926,107654
523,MeNsaaH,7,0.00650,14195,13.18576,107654
524,micke,7,0.00650,14202,13.19226,107654
525,mssanjay,7,0.00650,14209,13.19877,107654
526,muwon,7,0.00650,14216,13.20527,107654
527,Nicwalle,7,0.00650,14223,13.21177,107654
528,nvenkatapavan,7,0.00650,14230,13.21827,107654
529,ObeA,7,0.00650,14237,13.22478,107654
530,oscarusuga,7,0.00650,14244,13.23128,107654
531,pnduati,7,0.00650,14251,13.23778,107654
532,Point-less,7,0.00650,14258,13.24428,107654
533,pomadchin,7,0.00650,14265,13.25078,107654
534,qrilka,7,0.00650,14272,13.25729,107654
535,Quarky9,7,0.00650,14279,13.26379,107654
536,renexu,7,0.00650,14286,13.27029,107654
537,RomainBelorgey,7,0.00650,14293,13.27679,107654
538,rtang03,7,0.00650,14300,13.28330,107654
539,rv-silva,7,0.00650,14307,13.28980,107654
540,sadovnikov,7,0.00650,14314,13.29630,107654
541,sagarpatel8384,7,0.00650,14321,13.30280,107654
542,sanzenwin,7,0.00650,14328,13.30931,107654
543,sean-mcgimpsey,7,0.00650,14335,13.31581,107654
544,segabond,7,0.00650,14342,13.32231,107654
545,stewartshea,7,0.00650,14349,13.32881,107654
546,studypyth,7,0.00650,14356,13.33531,107654
547,suppix,7,0.00650,14363,13.34182,107654
548,susana-garcia,7,0.00650,14370,13.34832,107654
549,therealnb,7,0.00650,14377,13.35482,107654
550,tiej-dr,7,0.00650,14384,13.36132,107654
551,tkilpela,7,0.00650,14391,13.36783,107654
552,tunoat,7,0.00650,14398,13.37433,107654
553,uturunku1,7,0.00650,14405,13.38083,107654
554,valerauko,7,0.00650,14412,13.38733,107654
555,vbarbaresi,7,0.00650,14419,13.39384,107654
556,vcarluer,7,0.00650,14426,13.40034,107654
557,wdullaer,7,0.00650,14433,13.40684,107654
558,wmedlar,7,0.00650,14440,13.41334,107654
559,XiangChen666,7,0.00650,14447,13.41985,107654
560,xuanyuanaosheng,7,0.00650,14454,13.42635,107654
561,ygapon-mio,7,0.00650,14461,13.43285,107654
562,yonirab,7,0.00650,14468,13.43935,107654
563,zoetrope,7,0.00650,14475,13.44585,107654
564,0gajun,6,0.00557,14481,13.45143,107654
565,1337andre,6,0.00557,14487,13.45700,107654
566,Abhishek-Srivastava,6,0.00557,14493,13.46257,107654
567,alekonko,6,0.00557,14499,13.46815,107654
568,Amauche,6,0.00557,14505,13.47372,107654
569,anais-codefresh,6,0.00557,14511,13.47929,107654
570,andizzle,6,0.00557,14517,13.48487,107654
571,antonionappi88,6,0.00557,14523,13.49044,107654
572,artem-nefedov,6,0.00557,14529,13.49602,107654
573,aupadh12,6,0.00557,14535,13.50159,107654
574,avinashkumar1289,6,0.00557,14541,13.50716,107654
575,Azza292,6,0.00557,14547,13.51274,107654
576,bartse,6,0.00557,14553,13.51831,107654
577,BobLiu20,6,0.00557,14559,13.52388,107654
578,bryanisgreat,6,0.00557,14565,13.52946,107654
579,bvwells,6,0.00557,14571,13.53503,107654
580,CaptainFreak,6,0.00557,14577,13.54060,107654
581,chihaiaalex,6,0.00557,14583,13.54618,107654
582,claas-fridtjof-lisowski,6,0.00557,14589,13.55175,107654
583,cobexer,6,0.00557,14595,13.55732,107654
584,cyrilcros,6,0.00557,14601,13.56290,107654
585,dansou901,6,0.00557,14607,13.56847,107654
586,dave08,6,0.00557,14613,13.57404,107654
587,Daverkex,6,0.00557,14619,13.57962,107654
588,De1taE1even,6,0.00557,14625,13.58519,107654
589,dertodestod,6,0.00557,14631,13.59076,107654
590,DO-YardenG,6,0.00557,14637,13.59634,107654
591,eilonmonday,6,0.00557,14643,13.60191,107654
592,elocke,6,0.00557,14649,13.60748,107654
593,eSamS,6,0.00557,14655,13.61306,107654
594,farodin91,6,0.00557,14661,13.61863,107654
595,FelixRodriguezJara,6,0.00557,14667,13.62420,107654
596,fenghejingchi,6,0.00557,14673,13.62978,107654
597,FL3SH,6,0.00557,14679,13.63535,107654
598,flaviolemos78,6,0.00557,14685,13.64092,107654
599,fscnick,6,0.00557,14691,13.64650,107654
600,garyedwards,6,0.00557,14697,13.65207,107654
601,gaussianblurs,6,0.00557,14703,13.65764,107654
602,gcalmettes,6,0.00557,14709,13.66322,107654
603,gendolf3d,6,0.00557,14715,13.66879,107654
604,gladdiologist,6,0.00557,14721,13.67436,107654
605,g-linville,6,0.00557,14727,13.67994,107654
606,grantstephens,6,0.00557,14733,13.68551,107654
607,gtarcoder,6,0.00557,14739,13.69108,107654
608,hi1280,6,0.00557,14745,13.69666,107654
609,howshit,6,0.00557,14751,13.70223,107654
610,HugoRh,6,0.00557,14757,13.70780,107654
611,Itfly,6,0.00557,14763,13.71338,107654
612,jacek-jablonski,6,0.00557,14769,13.71895,107654
613,jackfengji,6,0.00557,14775,13.72452,107654
614,JasP19,6,0.00557,14781,13.73010,107654
615,jayfray12,6,0.00557,14787,13.73567,107654
616,jpbelanger-mtl,6,0.00557,14793,13.74125,107654
617,JTG2020,6,0.00557,14799,13.74682,107654
618,junorouse,6,0.00557,14805,13.75239,107654
619,kaitoii11,6,0.00557,14811,13.75797,107654
620,kevchu3,6,0.00557,14817,13.76354,107654
621,lbrictson,6,0.00557,14823,13.76911,107654
622,limnick,6,0.00557,14829,13.77469,107654
623,lyonsaj,6,0.00557,14835,13.78026,107654
624,MadDoxXimba,6,0.00557,14841,13.78583,107654
625,mak-454,6,0.00557,14847,13.79141,107654
626,marcuz,6,0.00557,14853,13.79698,107654
627,mars64,6,0.00557,14859,13.80255,107654
628,maunavarro,6,0.00557,14865,13.80813,107654
629,mchebitou,6,0.00557,14871,13.81370,107654
630,mcouliba,6,0.00557,14877,13.81927,107654
631,mdvorakramboll,6,0.00557,14883,13.82485,107654
632,mikechau,6,0.00557,14889,13.83042,107654
633,mikhailian,6,0.00557,14895,13.83599,107654
634,minhpq331,6,0.00557,14901,13.84157,107654
635,mseiwald,6,0.00557,14907,13.84714,107654
636,munjalpatel,6,0.00557,14913,13.85271,107654
637,Naveenlbg,6,0.00557,14919,13.85829,107654
638,naynasiddharth,6,0.00557,14925,13.86386,107654
639,ngandriau,6,0.00557,14931,13.86943,107654
640,nHurD,6,0.00557,14937,13.87501,107654
641,nishant-d,6,0.00557,14943,13.88058,107654
642,orrymr,6,0.00557,14949,13.88615,107654
643,oudwud,6,0.00557,14955,13.89173,107654
644,paltaa,6,0.00557,14961,13.89730,107654
645,paolocarta,6,0.00557,14967,13.90287,107654
646,pdrastil,6,0.00557,14973,13.90845,107654
647,ppapasani1,6,0.00557,14979,13.91402,107654
648,randrusiak,6,0.00557,14985,13.91959,107654
649,rmorampudi,6,0.00557,14991,13.92517,107654
650,rodrigo-loza-mojix,6,0.00557,14997,13.93074,107654
651,rpledger,6,0.00557,15003,13.93631,107654
652,rra,6,0.00557,15009,13.94189,107654
653,rutkowskij,6,0.00557,15015,13.94746,107654
654,rysunder,6,0.00557,15021,13.95303,107654
655,samirmajen,6,0.00557,15027,13.95861,107654
656,samuel-sujith,6,0.00557,15033,13.96418,107654
657,sarialem,6,0.00557,15039,13.96975,107654
658,sdputurn,6,0.00557,15045,13.97533,107654
659,seansund,6,0.00557,15051,13.98090,107654
660,seventieskid,6,0.00557,15057,13.98648,107654
661,ShotaKitazawa,6,0.00557,15063,13.99205,107654
662,Shreyam,6,0.00557,15069,13.99762,107654
663,shuker85,6,0.00557,15075,14.00320,107654
664,sidewinder12s,6,0.00557,15081,14.00877,107654
665,simonc-613,6,0.00557,15087,14.01434,107654
666,SouleBA,6,0.00557,15093,14.01992,107654
667,ssharma2089,6,0.00557,15099,14.02549,107654
668,stecky,6,0.00557,15105,14.03106,107654
669,StefanMadsen,6,0.00557,15111,14.03664,107654
670,Stevenyu1982,6,0.00557,15117,14.04221,107654
671,subbuv26,6,0.00557,15123,14.04778,107654
672,sungy2014,6,0.00557,15129,14.05336,107654
673,sylvainblot,6,0.00557,15135,14.05893,107654
674,szab100,6,0.00557,15141,14.06450,107654
675,tdongsi,6,0.00557,15147,14.07008,107654
676,TedSpinks,6,0.00557,15153,14.07565,107654
677,tgauweiler,6,0.00557,15159,14.08122,107654
678,thatsmydoing,6,0.00557,15165,14.08680,107654
679,tinyzimmer,6,0.00557,15171,14.09237,107654
680,unblee,6,0.00557,15177,14.09794,107654
681,valery-zhurbenko,6,0.00557,15183,14.10352,107654
682,veera2019,6,0.00557,15189,14.10909,107654
683,vitaliyf,6,0.00557,15195,14.11466,107654
684,vjtm,6,0.00557,15201,14.12024,107654
685,vsychov,6,0.00557,15207,14.12581,107654
686,wxmiked,6,0.00557,15213,14.13138,107654
687,Xanadjin,6,0.00557,15219,14.13696,107654
688,xsreality,6,0.00557,15225,14.14253,107654
689,yanowitz,6,0.00557,15231,14.14810,107654
690,yaphetsglhf,6,0.00557,15237,14.15368,107654
691,ysksuzuki,6,0.00557,15243,14.15925,107654
692,zhujiangyou,6,0.00557,15249,14.16482,107654
693,91pavan,5,0.00464,15254,14.16947,107654
694,abuckenheimer,5,0.00464,15259,14.17411,107654
695,aceamarco,5,0.00464,15264,14.17876,107654
696,ajitspendse,5,0.00464,15269,14.18340,107654
697,apurvchandra,5,0.00464,15274,14.18805,107654
698,arielhernandezmusa,5,0.00464,15279,14.19269,107654
699,arve0,5,0.00464,15284,14.19734,107654
700,Asaf-m,5,0.00464,15289,14.20198,107654
701,audriusrudalevicius,5,0.00464,15294,14.20662,107654
702,bbesser,5,0.00464,15299,14.21127,107654
703,bcaton85,5,0.00464,15304,14.21591,107654
704,bikramgupta,5,0.00464,15309,14.22056,107654
705,bitgandtter,5,0.00464,15314,14.22520,107654
706,bjung82,5,0.00464,15319,14.22985,107654
707,bladerunner512,5,0.00464,15324,14.23449,107654
708,bnouvelbmll,5,0.00464,15329,14.23914,107654
709,burkempers,5,0.00464,15334,14.24378,107654
710,Byh0ki,5,0.00464,15339,14.24843,107654
711,caelan-io,5,0.00464,15344,14.25307,107654
712,ChaosInTheCRD,5,0.00464,15349,14.25771,107654
713,Cloud-Mak,5,0.00464,15354,14.26236,107654
714,Cytram,5,0.00464,15359,14.26700,107654
715,czardien,5,0.00464,15364,14.27165,107654
716,davidgibbons,5,0.00464,15369,14.27629,107654
717,DaytonG,5,0.00464,15374,14.28094,107654
718,dcommisso,5,0.00464,15379,14.28558,107654
719,debellotti,5,0.00464,15384,14.29023,107654
720,devops-42,5,0.00464,15389,14.29487,107654
721,dinesh,5,0.00464,15394,14.29952,107654
722,dmitry-mightydevops,5,0.00464,15399,14.30416,107654
723,dnskr,5,0.00464,15404,14.30880,107654
724,dobegor,5,0.00464,15409,14.31345,107654
725,dorroddorrod,5,0.00464,15414,14.31809,107654
726,dougsc,5,0.00464,15419,14.32274,107654
727,dzirg44,5,0.00464,15424,14.32738,107654
728,EagleIJoe,5,0.00464,15429,14.33203,107654
729,eugentius,5,0.00464,15434,14.33667,107654
730,fikriauliya,5,0.00464,15439,14.34132,107654
731,filippomc,5,0.00464,15444,14.34596,107654
732,ForsakenHarmony,5,0.00464,15449,14.35060,107654
733,foxracle,5,0.00464,15454,14.35525,107654
734,fridex,5,0.00464,15459,14.35989,107654
735,Fumesover,5,0.00464,15464,14.36454,107654
736,gakkiyomi,5,0.00464,15469,14.36918,107654
737,h2ho,5,0.00464,15474,14.37383,107654
738,harshitagupta6,5,0.00464,15479,14.37847,107654
739,Himself12794,5,0.00464,15484,14.38312,107654
740,hrpatel,5,0.00464,15489,14.38776,107654
741,hussein-awala,5,0.00464,15494,14.39241,107654
742,indiejames,5,0.00464,15499,14.39705,107654
743,inspiremirnal,5,0.00464,15504,14.40169,107654
744,istsh,5,0.00464,15509,14.40634,107654
745,jaawasth,5,0.00464,15514,14.41098,107654
746,jfb74,5,0.00464,15519,14.41563,107654
747,jfroche,5,0.00464,15524,14.42027,107654
748,jjtroberts,5,0.00464,15529,14.42492,107654
749,JohannesOlsson,5,0.00464,15534,14.42956,107654
750,jonmun93,5,0.00464,15539,14.43421,107654
751,jshin47,5,0.00464,15544,14.43885,107654
752,JulianZhang,5,0.00464,15549,14.44349,107654
753,k2n,5,0.00464,15554,14.44814,107654
754,kaosx5s,5,0.00464,15559,14.45278,107654
755,karthikvijayan3,5,0.00464,15564,14.45743,107654
756,keithmattix,5,0.00464,15569,14.46207,107654
757,KevinThompsonYCRX,5,0.00464,15574,14.46672,107654
758,kotlak,5,0.00464,15579,14.47136,107654
759,kpr6,5,0.00464,15584,14.47601,107654
760,krijohs,5,0.00464,15589,14.48065,107654
761,kulinskyvs,5,0.00464,15594,14.48530,107654
762,lallinger-arbeit,5,0.00464,15599,14.48994,107654
763,LarryFinn,5,0.00464,15604,14.49458,107654
764,lilida,5,0.00464,15609,14.49923,107654
765,linehrr,5,0.00464,15614,14.50387,107654
766,logdnalf,5,0.00464,15619,14.50852,107654
767,Lordieolore,5,0.00464,15624,14.51316,107654
768,lr-carmichael,5,0.00464,15629,14.51781,107654
769,MaksimKiselev,5,0.00464,15634,14.52245,107654
770,manuNCL,5,0.00464,15639,14.52710,107654
771,Mastergalen,5,0.00464,15644,14.53174,107654
772,mhehle,5,0.00464,15649,14.53639,107654
773,michael-ax,5,0.00464,15654,14.54103,107654
774,mitchharpur,5,0.00464,15659,14.54567,107654
775,mnach,5,0.00464,15664,14.55032,107654
776,Mohjive,5,0.00464,15669,14.55496,107654
777,mrak,5,0.00464,15674,14.55961,107654
778,MrJinggles,5,0.00464,15679,14.56425,107654
779,nakatamixi,5,0.00464,15684,14.56890,107654
780,ngms06,5,0.00464,15689,14.57354,107654
781,obrientimothya,5,0.00464,15694,14.57819,107654
782,oleg-borodai,5,0.00464,15699,14.58283,107654
783,phajduk,5,0.00464,15704,14.58747,107654
784,queil,5,0.00464,15709,14.59212,107654
785,r0bobo,5,0.00464,15714,14.59676,107654
786,rafaelsilvaaa10,5,0.00464,15719,14.60141,107654
787,RafalSkolasinski,5,0.00464,15724,14.60605,107654
788,RamazanKara,5,0.00464,15729,14.61070,107654
789,raonelakurti,5,0.00464,15734,14.61534,107654
790,rbaybutt,5,0.00464,15739,14.61999,107654
791,rcontreras-te,5,0.00464,15744,14.62463,107654
792,rgbusato,5,0.00464,15749,14.62928,107654
793,rjdp,5,0.00464,15754,14.63392,107654
794,robertodocampo,5,0.00464,15759,14.63856,107654
795,Rude-Monkey,5,0.00464,15764,14.64321,107654
796,saiyidi,5,0.00464,15769,14.64785,107654
797,samuanv,5,0.00464,15774,14.65250,107654
798,samuelamar15,5,0.00464,15779,14.65714,107654
799,samuelmak,5,0.00464,15784,14.66179,107654
800,schoki040,5,0.00464,15789,14.66643,107654
801,Scott-Wallace-ConnectedLab,5,0.00464,15794,14.67108,107654
802,SebastianGoeb,5,0.00464,15799,14.67572,107654
803,sethp-verica,5,0.00464,15804,14.68036,107654
804,shrgabor,5,0.00464,15809,14.68501,107654
805,SHRJA,5,0.00464,15814,14.68965,107654
806,smark88,5,0.00464,15819,14.69430,107654
807,soharaki,5,0.00464,15824,14.69894,107654
808,StephenWithPH,5,0.00464,15829,14.70359,107654
809,stevef1uk,5,0.00464,15834,14.70823,107654
810,storm1kk,5,0.00464,15839,14.71288,107654
811,stujb,5,0.00464,15844,14.71752,107654
812,SubhakarKotta,5,0.00464,15849,14.72217,107654
813,suhas316380,5,0.00464,15854,14.72681,107654
814,sullis,5,0.00464,15859,14.73145,107654
815,Tazminia,5,0.00464,15864,14.73610,107654
816,theStrayPointer,5,0.00464,15869,14.74074,107654
817,thiagonache,5,0.00464,15874,14.74539,107654
818,tommy-heyde-olsen,5,0.00464,15879,14.75003,107654
819,tommyknows,5,0.00464,15884,14.75468,107654
820,toshyak,5,0.00464,15889,14.75932,107654
821,tralexa,5,0.00464,15894,14.76397,107654
822,TrueBrain,5,0.00464,15899,14.76861,107654
823,turbotankist,5,0.00464,15904,14.77326,107654
824,user-name-is-taken,5,0.00464,15909,14.77790,107654
825,vaporpin,5,0.00464,15914,14.78254,107654
826,vdinesh2461990,5,0.00464,15919,14.78719,107654
827,vigohe,5,0.00464,15924,14.79183,107654
828,vineshkamble,5,0.00464,15929,14.79648,107654
829,vivek-26,5,0.00464,15934,14.80112,107654
830,vivekthangathurai,5,0.00464,15939,14.80577,107654
831,volodyad,5,0.00464,15944,14.81041,107654
832,vyckou,5,0.00464,15949,14.81506,107654
833,whyvez,5,0.00464,15954,14.81970,107654
834,williamcodes,5,0.00464,15959,14.82434,107654
835,xoanmi,5,0.00464,15964,14.82899,107654
836,yagince,5,0.00464,15969,14.83363,107654
837,YasukeXXX,5,0.00464,15974,14.83828,107654
838,yoms,5,0.00464,15979,14.84292,107654
839,yoni-taranis,5,0.00464,15984,14.84757,107654
840,Yorkerrr,5,0.00464,15989,14.85221,107654
841,zdtsw,5,0.00464,15994,14.85686,107654
842,zezaeoh,5,0.00464,15999,14.86150,107654
843,aafishman,4,0.00372,16003,14.86522,107654
844,AalokAhluwalia,4,0.00372,16007,14.86893,107654
845,abangser,4,0.00372,16011,14.87265,107654
846,achandras,4,0.00372,16015,14.87636,107654
847,ad22,4,0.00372,16019,14.88008,107654
848,adzuci,4,0.00372,16023,14.88379,107654
849,AGloberman,4,0.00372,16027,14.88751,107654
850,aimbot31,4,0.00372,16031,14.89123,107654
851,aindeev,4,0.00372,16035,14.89494,107654
852,akastav,4,0.00372,16039,14.89866,107654
853,akhalyavka,4,0.00372,16043,14.90237,107654
854,akshaybhatt14495,4,0.00372,16047,14.90609,107654
855,AleksandarGradina,4,0.00372,16051,14.90980,107654
856,aleksandrmelnikov,4,0.00372,16055,14.91352,107654
857,amal-kumar,4,0.00372,16059,14.91723,107654
858,amitgilad3,4,0.00372,16063,14.92095,107654
859,anankun,4,0.00372,16067,14.92467,107654
860,andyyaldoo,4,0.00372,16071,14.92838,107654
861,aoi1,4,0.00372,16075,14.93210,107654
862,aoighost,4,0.00372,16079,14.93581,107654
863,aritas1,4,0.00372,16083,14.93953,107654
864,arnonki,4,0.00372,16087,14.94324,107654
865,artheus,4,0.00372,16091,14.94696,107654
866,asaorgad,4,0.00372,16095,14.95068,107654
867,ashishkoho,4,0.00372,16099,14.95439,107654
868,bakennedy,4,0.00372,16103,14.95811,107654
869,BangShinChul,4,0.00372,16107,14.96182,107654
870,bei-re,4,0.00372,16111,14.96554,107654
871,benhackett4,4,0.00372,16115,14.96925,107654
872,bergur88,4,0.00372,16119,14.97297,107654
873,Bhuppi9753,4,0.00372,16123,14.97668,107654
874,bmaggi,4,0.00372,16127,14.98040,107654
875,bo0ts,4,0.00372,16131,14.98412,107654
876,bobbywatson3,4,0.00372,16135,14.98783,107654
877,booboothefool,4,0.00372,16139,14.99155,107654
878,brandonaikey,4,0.00372,16143,14.99526,107654
879,brgoode,4,0.00372,16147,14.99898,107654
880,Brice187,4,0.00372,16151,15.00269,107654
881,brunomptorres,4,0.00372,16155,15.00641,107654
882,camabeh,4,0.00372,16159,15.01013,107654
883,caoyang001,4,0.00372,16163,15.01384,107654
884,caryyu,4,0.00372,16167,15.01756,107654
885,caseyclarkjamf,4,0.00372,16171,15.02127,107654
886,cgorman,4,0.00372,16175,15.02499,107654
887,chap-dr,4,0.00372,16179,15.02870,107654
888,chermed,4,0.00372,16183,15.03242,107654
889,chris-chambers,4,0.00372,16187,15.03613,107654
890,chris-durbin,4,0.00372,16191,15.03985,107654
891,cmacrae,4,0.00372,16195,15.04357,107654
892,codeflitting,4,0.00372,16199,15.04728,107654
893,codenio,4,0.00372,16203,15.05100,107654
894,ctext,4,0.00372,16207,15.05471,107654
895,CtheSky,4,0.00372,16211,15.05843,107654
896,daleront,4,0.00372,16215,15.06214,107654
897,damadei-google,4,0.00372,16219,15.06586,107654
898,dan-katz,4,0.00372,16223,15.06957,107654
899,DdMad,4,0.00372,16227,15.07329,107654
900,deepk2u,4,0.00372,16231,15.07701,107654
901,DekelMalul,4,0.00372,16235,15.08072,107654
902,delamart,4,0.00372,16239,15.08444,107654
903,dinesh-rajaveeran,4,0.00372,16243,15.08815,107654
904,djfinnoy,4,0.00372,16247,15.09187,107654
905,dlobue,4,0.00372,16251,15.09558,107654
906,dmitrievav,4,0.00372,16255,15.09930,107654
907,Downager,4,0.00372,16259,15.10302,107654
908,dpinchukov-ueni,4,0.00372,16263,15.10673,107654
909,dpolicastro,4,0.00372,16267,15.11045,107654
910,DragonStuff,4,0.00372,16271,15.11416,107654
911,dsetty25,4,0.00372,16275,15.11788,107654
912,duduz,4,0.00372,16279,15.12159,107654
913,EdYa,4,0.00372,16283,15.12531,107654
914,ekarademir,4,0.00372,16287,15.12902,107654
915,emanodame,4,0.00372,16291,15.13274,107654
916,e-mon,4,0.00372,16295,15.13646,107654
917,enokawa,4,0.00372,16299,15.14017,107654
918,ewassef,4,0.00372,16303,15.14389,107654
919,Exodus,4,0.00372,16307,15.14760,107654
920,fclairamb,4,0.00372,16311,15.15132,107654
921,flaviuvadan,4,0.00372,16315,15.15503,107654
922,flytux,4,0.00372,16319,15.15875,107654
923,GAHila,4,0.00372,16323,15.16246,107654
924,Gallardo994,4,0.00372,16327,15.16618,107654
925,ghoubrial,4,0.00372,16331,15.16990,107654
926,guohenghaha,4,0.00372,16335,15.17361,107654
927,hacktron95,4,0.00372,16339,15.17733,107654
928,hartman17,4,0.00372,16343,15.18104,107654
929,heavytail,4,0.00372,16347,15.18476,107654
930,helmus,4,0.00372,16351,15.18847,107654
931,hibnico,4,0.00372,16355,15.19219,107654
932,hpamukcu,4,0.00372,16359,15.19591,107654
933,hphsu,4,0.00372,16363,15.19962,107654
934,ianCambrio,4,0.00372,16367,15.20334,107654
935,ibottamike,4,0.00372,16371,15.20705,107654
936,ichtestemalwieder,4,0.00372,16375,15.21077,107654
937,igobypenn,4,0.00372,16379,15.21448,107654
938,igordrnobrega,4,0.00372,16383,15.21820,107654
939,ilyagorban-codefresh,4,0.00372,16387,15.22191,107654
940,ishii-masayuki,4,0.00372,16391,15.22563,107654
941,iyurev,4,0.00372,16395,15.22935,107654
942,jaiawasthi,4,0.00372,16399,15.23306,107654
943,Jake-Smullin,4,0.00372,16403,15.23678,107654
944,jamesla,4,0.00372,16407,15.24049,107654
945,jananzhu,4,0.00372,16411,15.24421,107654
946,jancespivo,4,0.00372,16415,15.24792,107654
947,Jane85,4,0.00372,16419,15.25164,107654
948,janhicken,4,0.00372,16423,15.25536,107654
949,janlud,4,0.00372,16427,15.25907,107654
950,janvdvegt,4,0.00372,16431,15.26279,107654
951,jasvinder-tp,4,0.00372,16435,15.26650,107654
952,Jaydee94,4,0.00372,16439,15.27022,107654
953,jbapu,4,0.00372,16443,15.27393,107654
954,jgournet,4,0.00372,16447,15.27765,107654
955,jh-sz,4,0.00372,16451,15.28136,107654
956,jiuchongxiao,4,0.00372,16455,15.28508,107654
957,jkayani,4,0.00372,16459,15.28880,107654
958,jlgeering,4,0.00372,16463,15.29251,107654
959,jlpnetworx,4,0.00372,16467,15.29623,107654
960,jond3k,4,0.00372,16471,15.29994,107654
961,joshuastern,4,0.00372,16475,15.30366,107654
962,josiah-wolf-oberholtzer,4,0.00372,16479,15.30737,107654
963,jovianx-dev,4,0.00372,16483,15.31109,107654
964,jselleck,4,0.00372,16487,15.31480,107654
965,jskrzypek,4,0.00372,16491,15.31852,107654
966,Jude188,4,0.00372,16495,15.32224,107654
967,julienp,4,0.00372,16499,15.32595,107654
968,julientard,4,0.00372,16503,15.32967,107654
969,jvdgeest,4,0.00372,16507,15.33338,107654
970,kaancfidan,4,0.00372,16511,15.33710,107654
971,kagkarlsson,4,0.00372,16515,15.34081,107654
972,khaled,4,0.00372,16519,15.34453,107654
973,kmai,4,0.00372,16523,15.34825,107654
974,kossak,4,0.00372,16527,15.35196,107654
975,kotyara85,4,0.00372,16531,15.35568,107654
976,Kraego,4,0.00372,16535,15.35939,107654
977,krisdevopsbot,4,0.00372,16539,15.36311,107654
978,krithiva,4,0.00372,16543,15.36682,107654
979,KrustyHack,4,0.00372,16547,15.37054,107654
980,kulmam92,4,0.00372,16551,15.37425,107654
981,Labbs,4,0.00372,16555,15.37797,107654
982,larsrnielsen,4,0.00372,16559,15.38169,107654
983,LazyBrush,4,0.00372,16563,15.38540,107654
984,lbscorpio,4,0.00372,16567,15.38912,107654
985,lcc3108,4,0.00372,16571,15.39283,107654
986,ldue,4,0.00372,16575,15.39655,107654
987,LeonardAukea,4,0.00372,16579,15.40026,107654
988,limoges,4,0.00372,16583,15.40398,107654
989,lowkeyliesmyth,4,0.00372,16587,15.40770,107654
990,luciamota,4,0.00372,16591,15.41141,107654
991,lucianodesa,4,0.00372,16595,15.41513,107654
992,lucinvitae,4,0.00372,16599,15.41884,107654
993,machida1971,4,0.00372,16603,15.42256,107654
994,markbenschop,4,0.00372,16607,15.42627,107654
995,matheusjericoo,4,0.00372,16611,15.42999,107654
996,Matt-Dee,4,0.00372,16615,15.43370,107654
997,mbevc1,4,0.00372,16619,15.43742,107654
998,mbhatip,4,0.00372,16623,15.44114,107654
999,mbouchenoire,4,0.00372,16627,15.44485,107654
1000,mech422,4,0.00372,16631,15.44857,107654
1001,mekstrem,4,0.00372,16635,15.45228,107654
1002,mel1nn,4,0.00372,16639,15.45600,107654
1003,mhamann,4,0.00372,16643,15.45971,107654
1004,monsiper,4,0.00372,16647,15.46343,107654
1005,mrtns,4,0.00372,16651,15.46714,107654
1006,msmsimondean,4,0.00372,16655,15.47086,107654
1007,mysteryHJJ,4,0.00372,16659,15.47458,107654
1008,nastacio,4,0.00372,16663,15.47829,107654
1009,Neroroms,4,0.00372,16667,15.48201,107654
1010,neuronist,4,0.00372,16671,15.48572,107654
1011,nfs950512,4,0.00372,16675,15.48944,107654
1012,ngc104,4,0.00372,16679,15.49315,107654
1013,NickCao,4,0.00372,16683,15.49687,107654
1014,nicolai92,4,0.00372,16687,15.50059,107654
1015,niketh,4,0.00372,16691,15.50430,107654
1016,nirlo,4,0.00372,16695,15.50802,107654
1017,njlkj,4,0.00372,16699,15.51173,107654
1018,NKcqx,4,0.00372,16703,15.51545,107654
1019,NormJohnIV,4,0.00372,16707,15.51916,107654
1020,notariuss,4,0.00372,16711,15.52288,107654
1021,Nuru,4,0.00372,16715,15.52659,107654
1022,olevitt,4,0.00372,16719,15.53031,107654
1023,omegion,4,0.00372,16723,15.53403,107654
1024,orefalo,4,0.00372,16727,15.53774,107654
1025,PacoDu,4,0.00372,16731,15.54146,107654
1026,palokam,4,0.00372,16735,15.54517,107654
1027,Paragon1970,4,0.00372,16739,15.54889,107654
1028,patrickheinzelmann,4,0.00372,16743,15.55260,107654
1029,paulm-jones,4,0.00372,16747,15.55632,107654
1030,pbonito,4,0.00372,16751,15.56003,107654
1031,peterstace,4,0.00372,16755,15.56375,107654
1032,philippe-boyd-3r,4,0.00372,16759,15.56747,107654
1033,Prototik,4,0.00372,16763,15.57118,107654
1034,ptitpoulpe,4,0.00372,16767,15.57490,107654
1035,qizichao-dm,4,0.00372,16771,15.57861,107654
1036,RafaelMarquesRodrigues,4,0.00372,16775,15.58233,107654
1037,Rami-Y,4,0.00372,16779,15.58604,107654
1038,renishb10,4,0.00372,16783,15.58976,107654
1039,rgoldfinger-quizlet,4,0.00372,16787,15.59348,107654
1040,rkusmierek,4,0.00372,16791,15.59719,107654
1041,RobGrobbers,4,0.00372,16795,15.60091,107654
1042,roshpr,4,0.00372,16799,15.60462,107654
1043,rpahli,4,0.00372,16803,15.60834,107654
1044,rpeets,4,0.00372,16807,15.61205,107654
1045,rummens,4,0.00372,16811,15.61577,107654
1046,runonautomation,4,0.00372,16815,15.61948,107654
1047,ryancastle,4,0.00372,16819,15.62320,107654
1048,sachsbl,4,0.00372,16823,15.62692,107654
1049,sadoMasupilami,4,0.00372,16827,15.63063,107654
1050,Sagarpreet,4,0.00372,16831,15.63435,107654
1051,saimadineni,4,0.00372,16835,15.63806,107654
1052,santasub,4,0.00372,16839,15.64178,107654
1053,santoshsb,4,0.00372,16843,15.64549,107654
1054,savujevi,4,0.00372,16847,15.64921,107654
1055,sgloutnikov,4,0.00372,16851,15.65293,107654
1056,shahadarsh,4,0.00372,16855,15.65664,107654
1057,shahin,4,0.00372,16859,15.66036,107654
1058,Sherwoodwt,4,0.00372,16863,15.66407,107654
1059,sheshankgujjari,4,0.00372,16867,15.66779,107654
1060,shivakumar12,4,0.00372,16871,15.67150,107654
1061,slayer,4,0.00372,16875,15.67522,107654
1062,sll552,4,0.00372,16879,15.67893,107654
1063,smolaon,4,0.00372,16883,15.68265,107654
1064,SniperBean,4,0.00372,16887,15.68637,107654
1065,Sonlis,4,0.00372,16891,15.69008,107654
1066,soumentrivedi,4,0.00372,16895,15.69380,107654
1067,soumitasardar,4,0.00372,16899,15.69751,107654
1068,sp185503,4,0.00372,16903,15.70123,107654
1069,srados,4,0.00372,16907,15.70494,107654
1070,ssbtn,4,0.00372,16911,15.70866,107654
1071,Starslider,4,0.00372,16915,15.71237,107654
1072,stijnbrouwers,4,0.00372,16919,15.71609,107654
1073,strangiato,4,0.00372,16923,15.71981,107654
1074,strantalis,4,0.00372,16927,15.72352,107654
1075,sujaykulkarn,4,0.00372,16931,15.72724,107654
1076,szucsitg,4,0.00372,16935,15.73095,107654
1077,Tanmay17,4,0.00372,16939,15.73467,107654
1078,tanvir-appveen,4,0.00372,16943,15.73838,107654
1079,tehho,4,0.00372,16947,15.74210,107654
1080,templarfelix,4,0.00372,16951,15.74582,107654
1081,Therianthropie,4,0.00372,16955,15.74953,107654
1082,TheSimpleZ,4,0.00372,16959,15.75325,107654
1083,thomasrepnik,4,0.00372,16963,15.75696,107654
1084,tiagocborg,4,0.00372,16967,15.76068,107654
1085,tkukushkin,4,0.00372,16971,15.76439,107654
1086,tmbdev,4,0.00372,16975,15.76811,107654
1087,tomoyat1,4,0.00372,16979,15.77182,107654
1088,toneill818,4,0.00372,16983,15.77554,107654
1089,trv-smaksym3,4,0.00372,16987,15.77926,107654
1090,umi0410,4,0.00372,16991,15.78297,107654
1091,ValdasK,4,0.00372,16995,15.78669,107654
1092,vatine,4,0.00372,16999,15.79040,107654
1093,venkat-kayo,4,0.00372,17003,15.79412,107654
1094,victorkirov,4,0.00372,17007,15.79783,107654
1095,viperKiran,4,0.00372,17011,15.80155,107654
1096,vpsheretanzu,4,0.00372,17015,15.80527,107654
1097,washcycle,4,0.00372,17019,15.80898,107654
1098,w-huaqiang,4,0.00372,17023,15.81270,107654
1099,winmillwill,4,0.00372,17027,15.81641,107654
1100,wmgroot,4,0.00372,17031,15.82013,107654
1101,Yaytay,4,0.00372,17035,15.82384,107654
1102,youngjoonso1,4,0.00372,17039,15.82756,107654
1103,youngsofun,4,0.00372,17043,15.83127,107654
1104,z0mbix,4,0.00372,17047,15.83499,107654
1105,zhongdai,4,0.00372,17051,15.83871,107654
1106,zzq900503,4,0.00372,17055,15.84242,107654
1107,300481,3,0.00279,17058,15.84521,107654
1108,4dahalibut,3,0.00279,17061,15.84799,107654
1109,666DoxGangLucifer,3,0.00279,17064,15.85078,107654
1110,aaad,3,0.00279,17067,15.85357,107654
1111,AdrianSkierniewski,3,0.00279,17070,15.85635,107654
1112,afilipchik,3,0.00279,17073,15.85914,107654
1113,airmonitor,3,0.00279,17076,15.86193,107654
1114,ajayr5,3,0.00279,17079,15.86471,107654
1115,alexcreek,3,0.00279,17082,15.86750,107654
1116,alexey907,3,0.00279,17085,15.87029,107654
1117,Aliabbask08,3,0.00279,17088,15.87307,107654
1118,Aman1994,3,0.00279,17091,15.87586,107654
1119,amazingandyyy,3,0.00279,17094,15.87865,107654
1120,amitcmore,3,0.00279,17097,15.88143,107654
1121,AnaisUrlichs,3,0.00279,17100,15.88422,107654
1122,andloh,3,0.00279,17103,15.88701,107654
1123,AndreiBamboi,3,0.00279,17106,15.88980,107654
1124,andre-taveira,3,0.00279,17109,15.89258,107654
1125,Ankitchandre,3,0.00279,17112,15.89537,107654
1126,annakosek,3,0.00279,17115,15.89816,107654
1127,AntonBlomstrom,3,0.00279,17118,15.90094,107654
1128,antoninbas,3,0.00279,17121,15.90373,107654
1129,appellod,3,0.00279,17124,15.90652,107654
1130,arndt-s,3,0.00279,17127,15.90930,107654
1131,arnitolog,3,0.00279,17130,15.91209,107654
1132,arul-gupta,3,0.00279,17133,15.91488,107654
1133,AshwiniSwain,3,0.00279,17136,15.91766,107654
1134,asim0984,3,0.00279,17139,15.92045,107654
1135,ayasuda-ge,3,0.00279,17142,15.92324,107654
1136,Azolo,3,0.00279,17145,15.92602,107654
1137,bainss,3,0.00279,17148,15.92881,107654
1138,balusarakesh,3,0.00279,17151,15.93160,107654
1139,bartcode,3,0.00279,17154,15.93438,107654
1140,bbl,3,0.00279,17157,15.93717,107654
1141,bdelagesap,3,0.00279,17160,15.93996,107654
1142,beliot-atos,3,0.00279,17163,15.94274,107654
1143,bellevuerails,3,0.00279,17166,15.94553,107654
1144,benjamingorman,3,0.00279,17169,15.94832,107654
1145,BIGBALLON,3,0.00279,17172,15.95110,107654
1146,bikramnehra,3,0.00279,17175,15.95389,107654
1147,bimtauer,3,0.00279,17178,15.95668,107654
1148,bjayanth,3,0.00279,17181,15.95946,107654
1149,boarder7395,3,0.00279,17184,15.96225,107654
1150,boehb-efs,3,0.00279,17187,15.96504,107654
1151,booninite,3,0.00279,17190,15.96782,107654
1152,Born2Bake,3,0.00279,17193,15.97061,107654
1153,bostadynamics,3,0.00279,17196,15.97340,107654
1154,bsord,3,0.00279,17199,15.97618,107654
1155,btwear,3,0.00279,17202,15.97897,107654
1156,buker,3,0.00279,17205,15.98176,107654
1157,bulatzamilov,3,0.00279,17208,15.98454,107654
1158,byangtri,3,0.00279,17211,15.98733,107654
1159,c4m4,3,0.00279,17214,15.99012,107654
1160,cal-pratt,3,0.00279,17217,15.99290,107654
1161,CaramelMario,3,0.00279,17220,15.99569,107654
1162,Carlosgova,3,0.00279,17223,15.99848,107654
1163,caugustus-ezcater,3,0.00279,17226,16.00126,107654
1164,cazorla19,3,0.00279,17229,16.00405,107654
1165,cbartram,3,0.00279,17232,16.00684,107654
1166,cbenz,3,0.00279,17235,16.00962,107654
1167,cdlcs,3,0.00279,17238,16.01241,107654
1168,Chabane,3,0.00279,17241,16.01520,107654
1169,CharanBR,3,0.00279,17244,16.01798,107654
1170,chengchengmu,3,0.00279,17247,16.02077,107654
1171,chrisbulgaria,3,0.00279,17250,16.02356,107654
1172,chrisjwhiteley,3,0.00279,17253,16.02634,107654
1173,chriskolenko,3,0.00279,17256,16.02913,107654
1174,chriswwalz,3,0.00279,17259,16.03192,107654
1175,chroju,3,0.00279,17262,16.03470,107654
1176,Cicatrice,3,0.00279,17265,16.03749,107654
1177,ckyoog,3,0.00279,17268,16.04028,107654
1178,clemensvonschwerin,3,0.00279,17271,16.04306,107654
1179,clementrey,3,0.00279,17274,16.04585,107654
1180,commodus-sebastien,3,0.00279,17277,16.04864,107654
1181,cotterpl,3,0.00279,17280,16.05142,107654
1182,cre8ivejp,3,0.00279,17283,16.05421,107654
1183,creet0007,3,0.00279,17286,16.05700,107654
1184,cujeff09,3,0.00279,17289,16.05978,107654
1185,DanGolding,3,0.00279,17292,16.06257,107654
1186,dangreenlee,3,0.00279,17295,16.06536,107654
1187,DarkBlaez,3,0.00279,17298,16.06814,107654
1188,daufinsyd,3,0.00279,17301,16.07093,107654
1189,debankur1,3,0.00279,17304,16.07372,107654
1190,debu99,3,0.00279,17307,16.07650,107654
1191,dejoost,3,0.00279,17310,16.07929,107654
1192,demon,3,0.00279,17313,16.08208,107654
1193,dimbleby,3,0.00279,17316,16.08486,107654
1194,dkravetz,3,0.00279,17319,16.08765,107654
1195,dlmorais-pbh,3,0.00279,17322,16.09044,107654
1196,drannenberg,3,0.00279,17325,16.09322,107654
1197,DreamingDevs,3,0.00279,17328,16.09601,107654
1198,droctothorpe,3,0.00279,17331,16.09880,107654
1199,ecda909,3,0.00279,17334,16.10158,107654
1200,edublancas,3,0.00279,17337,16.10437,107654
1201,eestewart,3,0.00279,17340,16.10716,107654
1202,ejhayes,3,0.00279,17343,16.10994,107654
1203,ekl1773,3,0.00279,17346,16.11273,107654
1204,eldis80,3,0.00279,17349,16.11552,107654
1205,elvis-cai,3,0.00279,17352,16.11830,107654
1206,emcay,3,0.00279,17355,16.12109,107654
1207,epacke,3,0.00279,17358,16.12388,107654
1208,erdiugurlu,3,0.00279,17361,16.12667,107654
1209,ermakov-oleg,3,0.00279,17364,16.12945,107654
1210,ervindm,3,0.00279,17367,16.13224,107654
1211,Eslamanwar,3,0.00279,17370,16.13503,107654
1212,esys,3,0.00279,17373,16.13781,107654
1213,fabb,3,0.00279,17376,16.14060,107654
1214,FarnazZ,3,0.00279,17379,16.14339,107654
1215,fasmat,3,0.00279,17382,16.14617,107654
1216,Firgeis,3,0.00279,17385,16.14896,107654
1217,flavio-lemos-farfetch-com,3,0.00279,17388,16.15175,107654
1218,fransguelinckx,3,0.00279,17391,16.15453,107654
1219,frostornge,3,0.00279,17394,16.15732,107654
1220,futayamaji,3,0.00279,17397,16.16011,107654
1221,fvillain,3,0.00279,17400,16.16289,107654
1222,gavin-db,3,0.00279,17403,16.16568,107654
1223,gbates101,3,0.00279,17406,16.16847,107654
1224,gezb,3,0.00279,17409,16.17125,107654
1225,GitHubFor122,3,0.00279,17412,16.17404,107654
1226,gitromba,3,0.00279,17415,16.17683,107654
1227,gnu300,3,0.00279,17418,16.17961,107654
1228,gogovan-vincentngai,3,0.00279,17421,16.18240,107654
1229,govindKAG,3,0.00279,17424,16.18519,107654
1230,grtrout,3,0.00279,17427,16.18797,107654
1231,gturbat,3,0.00279,17430,16.19076,107654
1232,gurjmatharu,3,0.00279,17433,16.19355,107654
1233,hadesy,3,0.00279,17436,16.19633,107654
1234,hari2192,3,0.00279,17439,16.19912,107654
1235,hayato1121,3,0.00279,17442,16.20191,107654
1236,hazarguney,3,0.00279,17445,16.20469,107654
1237,heikkikesa,3,0.00279,17448,16.20748,107654
1238,helenabutowatcisco,3,0.00279,17451,16.21027,107654
1239,hhemied,3,0.00279,17454,16.21305,107654
1240,hotdawg789,3,0.00279,17457,16.21584,107654
1241,IamGabrielWu,3,0.00279,17460,16.21863,107654
1242,idristarwala,3,0.00279,17463,16.22141,107654
1243,Igor992,3,0.00279,17466,16.22420,107654
1244,igorcezar,3,0.00279,17469,16.22699,107654
1245,infa-kparida,3,0.00279,17472,16.22977,107654
1246,innlouvate,3,0.00279,17475,16.23256,107654
1247,InvictusMB,3,0.00279,17478,16.23535,107654
1248,Jacky2Wong,3,0.00279,17481,16.23813,107654
1249,jacobdr,3,0.00279,17484,16.24092,107654
1250,jacobsee,3,0.00279,17487,16.24371,107654
1251,jakehamilton,3,0.00279,17490,16.24649,107654
1252,jameshochadel,3,0.00279,17493,16.24928,107654
1253,JamesPeiris,3,0.00279,17496,16.25207,107654
1254,jamesyang124,3,0.00279,17499,16.25485,107654
1255,jangojam,3,0.00279,17502,16.25764,107654
1256,jason8399,3,0.00279,17505,16.26043,107654
1257,jasonblanchard,3,0.00279,17508,16.26321,107654
1258,JasonMorgan,3,0.00279,17511,16.26600,107654
1259,jeevb,3,0.00279,17514,16.26879,107654
1260,jemega,3,0.00279,17517,16.27157,107654
1261,JFReuter-Fin,3,0.00279,17520,16.27436,107654
1262,jgalliers,3,0.00279,17523,16.27715,107654
1263,jheyduk,3,0.00279,17526,16.27993,107654
1264,jingzhao-self,3,0.00279,17529,16.28272,107654
1265,jitendrs,3,0.00279,17532,16.28551,107654
1266,jiteshgupta1995,3,0.00279,17535,16.28829,107654
1267,Jmast,3,0.00279,17538,16.29108,107654
1268,jmulcahyTSC,3,0.00279,17541,16.29387,107654
1269,jnmclarty,3,0.00279,17544,16.29665,107654
1270,joevermonceda,3,0.00279,17547,16.29944,107654
1271,johejo,3,0.00279,17550,16.30223,107654
1272,johnniee,3,0.00279,17553,16.30501,107654
1273,joseftw,3,0.00279,17556,16.30780,107654
1274,jrhoward,3,0.00279,17559,16.31059,107654
1275,jrinvictus,3,0.00279,17562,16.31337,107654
1276,jstewart612,3,0.00279,17565,16.31616,107654
1277,juliostanley,3,0.00279,17568,16.31895,107654
1278,KANGSangUn,3,0.00279,17571,16.32173,107654
1279,karthicgit,3,0.00279,17574,16.32452,107654
1280,kbruner,3,0.00279,17577,16.32731,107654
1281,keanlee,3,0.00279,17580,16.33009,107654
1282,kennethtxytqw,3,0.00279,17583,16.33288,107654
1283,kglapiak,3,0.00279,17586,16.33567,107654
1284,kimberly-lee,3,0.00279,17589,16.33845,107654
1285,kosukeoya,3,0.00279,17592,16.34124,107654
1286,kpulipati,3,0.00279,17595,16.34403,107654
1287,krise86,3,0.00279,17598,16.34681,107654
1288,kwsorensen,3,0.00279,17601,16.34960,107654
1289,lb-saildrone,3,0.00279,17604,16.35239,107654
1290,lheinlen,3,0.00279,17607,16.35517,107654
1291,lienerieksta,3,0.00279,17610,16.35796,107654
1292,linuslukia,3,0.00279,17613,16.36075,107654
1293,liorfranko,3,0.00279,17616,16.36354,107654
1294,liushouxiang,3,0.00279,17619,16.36632,107654
1295,llienard,3,0.00279,17622,16.36911,107654
1296,llimon,3,0.00279,17625,16.37190,107654
1297,lokiwins,3,0.00279,17628,16.37468,107654
1298,lordnynex,3,0.00279,17631,16.37747,107654
1299,L-U-C-K-Y,3,0.00279,17634,16.38026,107654
1300,Lykathia,3,0.00279,17637,16.38304,107654
1301,lynxoid,3,0.00279,17640,16.38583,107654
1302,maberny,3,0.00279,17643,16.38862,107654
1303,malmuzaini,3,0.00279,17646,16.39140,107654
1304,manpreet1994,3,0.00279,17649,16.39419,107654
1305,marcodoordash,3,0.00279,17652,16.39698,107654
1306,mark-grimes,3,0.00279,17655,16.39976,107654
1307,marksugar,3,0.00279,17658,16.40255,107654
1308,martin-ducar-gd,3,0.00279,17661,16.40534,107654
1309,martinpovolny,3,0.00279,17664,16.40812,107654
1310,MaSer713,3,0.00279,17667,16.41091,107654
1311,matancarmeli7,3,0.00279,17670,16.41370,107654
1312,mattparkes,3,0.00279,17673,16.41648,107654
1313,mcgrawia,3,0.00279,17676,16.41927,107654
1314,md-shabbir,3,0.00279,17679,16.42206,107654
1315,megakoresh,3,0.00279,17682,16.42484,107654
1316,meiblorn,3,0.00279,17685,16.42763,107654
1317,melosalz,3,0.00279,17688,16.43042,107654
1318,metasim,3,0.00279,17691,16.43320,107654
1319,mguao,3,0.00279,17694,16.43599,107654
1320,mhaley-miovision,3,0.00279,17697,16.43878,107654
1321,michael132,3,0.00279,17700,16.44156,107654
1322,michael-odell,3,0.00279,17703,16.44435,107654
1323,migggy,3,0.00279,17706,16.44714,107654
1324,mikeczech,3,0.00279,17709,16.44992,107654
1325,MikeK184,3,0.00279,17712,16.45271,107654
1326,mk7run,3,0.00279,17715,16.45550,107654
1327,mmilling1,3,0.00279,17718,16.45828,107654
1328,mnaseef-gloo,3,0.00279,17721,16.46107,107654
1329,mohdirshad498,3,0.00279,17724,16.46386,107654
1330,moises-perez-tfs,3,0.00279,17727,16.46664,107654
1331,momoadc,3,0.00279,17730,16.46943,107654
1332,moorepatrick,3,0.00279,17733,16.47222,107654
1333,mosheavni,3,0.00279,17736,16.47500,107654
1334,mrafieee,3,0.00279,17739,16.47779,107654
1335,MrAmbiG,3,0.00279,17742,16.48058,107654
1336,msonnleitner,3,0.00279,17745,16.48336,107654
1337,msvechla,3,0.00279,17748,16.48615,107654
1338,mvbakker,3,0.00279,17751,16.48894,107654
1339,mveitas,3,0.00279,17754,16.49172,107654
1340,Naisisor,3,0.00279,17757,16.49451,107654
1341,namku,3,0.00279,17760,16.49730,107654
1342,nielsonsantana,3,0.00279,17763,16.50008,107654
1343,nilic,3,0.00279,17766,16.50287,107654
1344,nilium,3,0.00279,17769,16.50566,107654
1345,nils1k,3,0.00279,17772,16.50844,107654
1346,NirvanaZA,3,0.00279,17775,16.51123,107654
1347,nityanandagohain,3,0.00279,17778,16.51402,107654
1348,norbjd,3,0.00279,17781,16.51680,107654
1349,oazmon,3,0.00279,17784,16.51959,107654
1350,Okhoshi,3,0.00279,17787,16.52238,107654
1351,okiirawan,3,0.00279,17790,16.52516,107654
1352,olfway,3,0.00279,17793,16.52795,107654
1353,opensean,3,0.00279,17796,16.53074,107654
1354,paddy667,3,0.00279,17799,16.53352,107654
1355,parkee,3,0.00279,17802,16.53631,107654
1356,patgmiller,3,0.00279,17805,16.53910,107654
1357,pcgeek86,3,0.00279,17808,16.54188,107654
1358,pere3,3,0.00279,17811,16.54467,107654
1359,phenri00,3,0.00279,17814,16.54746,107654
1360,pixalynx,3,0.00279,17817,16.55024,107654
1361,pkosiec,3,0.00279,17820,16.55303,107654
1362,pmalmgren,3,0.00279,17823,16.55582,107654
1363,PranjaliSoni,3,0.00279,17826,16.55860,107654
1364,projenet,3,0.00279,17829,16.56139,107654
1365,pruthvichow,3,0.00279,17832,16.56418,107654
1366,psschwei,3,0.00279,17835,16.56696,107654
1367,ptran32,3,0.00279,17838,16.56975,107654
1368,puru86,3,0.00279,17841,16.57254,107654
1369,rami-vemula-01,3,0.00279,17844,16.57532,107654
1370,randxie,3,0.00279,17847,16.57811,107654
1371,ranipm2705,3,0.00279,17850,16.58090,107654
1372,raogayathri,3,0.00279,17853,16.58368,107654
1373,raph-af,3,0.00279,17856,16.58647,107654
1374,razvanonet,3,0.00279,17859,16.58926,107654
1375,rchenzheng,3,0.00279,17862,16.59204,107654
1376,renhao-0518,3,0.00279,17865,16.59483,107654
1377,rkennedy-tpl,3,0.00279,17868,16.59762,107654
1378,robertmujica,3,0.00279,17871,16.60041,107654
1379,robertrbruno,3,0.00279,17874,16.60319,107654
1380,robinMcA,3,0.00279,17877,16.60598,107654
1381,RossyWhite,3,0.00279,17880,16.60877,107654
1382,rparsonsbb,3,0.00279,17883,16.61155,107654
1383,rtanner-wiley,3,0.00279,17886,16.61434,107654
1384,rtkbhops,3,0.00279,17889,16.61713,107654
1385,RudyBone,3,0.00279,17892,16.61991,107654
1386,rvora,3,0.00279,17895,16.62270,107654
1387,ryan4yin,3,0.00279,17898,16.62549,107654
1388,RyanSquared,3,0.00279,17901,16.62827,107654
1389,SabySen,3,0.00279,17904,16.63106,107654
1390,sachincool,3,0.00279,17907,16.63385,107654
1391,saidelmark,3,0.00279,17910,16.63663,107654
1392,saji-mathew72,3,0.00279,17913,16.63942,107654
1393,samantha-theorem,3,0.00279,17916,16.64221,107654
1394,SamDecrock,3,0.00279,17919,16.64499,107654
1395,samof76,3,0.00279,17922,16.64778,107654
1396,samwhite,3,0.00279,17925,16.65057,107654
1397,santiagocardin,3,0.00279,17928,16.65335,107654
1398,saosebastiao,3,0.00279,17931,16.65614,107654
1399,sarunask,3,0.00279,17934,16.65893,107654
1400,savealive,3,0.00279,17937,16.66171,107654
1401,schoeffm,3,0.00279,17940,16.66450,107654
1402,scompt,3,0.00279,17943,16.66729,107654
1403,sdelrio,3,0.00279,17946,16.67007,107654
1404,Seanny123,3,0.00279,17949,16.67286,107654
1405,seiyuricardohiga,3,0.00279,17952,16.67565,107654
1406,seizadi,3,0.00279,17955,16.67843,107654
1407,seroron,3,0.00279,17958,16.68122,107654
1408,sgavrylenko,3,0.00279,17961,16.68401,107654
1409,sgrimes-stackod,3,0.00279,17964,16.68679,107654
1410,Shalucik,3,0.00279,17967,16.68958,107654
1411,sharpyy,3,0.00279,17970,16.69237,107654
1412,shirkevich,3,0.00279,17973,16.69515,107654
1413,shkrid,3,0.00279,17976,16.69794,107654
1414,shortmann,3,0.00279,17979,16.70073,107654
1415,si-c613,3,0.00279,17982,16.70351,107654
1416,sidheshdivekar29,3,0.00279,17985,16.70630,107654
1417,SIGUSR2,3,0.00279,17988,16.70909,107654
1418,siqusoft,3,0.00279,17991,16.71187,107654
1419,sky29,3,0.00279,17994,16.71466,107654
1420,sltet,3,0.00279,17997,16.71745,107654
1421,smile-luobin,3,0.00279,18000,16.72023,107654
1422,Snapple49,3,0.00279,18003,16.72302,107654
1423,snowping,3,0.00279,18006,16.72581,107654
1424,somaliz,3,0.00279,18009,16.72859,107654
1425,Sonam11,3,0.00279,18012,16.73138,107654
1426,sonowz,3,0.00279,18015,16.73417,107654
1427,sorinjulean,3,0.00279,18018,16.73695,107654
1428,spolireddy,3,0.00279,18021,16.73974,107654
1429,spoukke,3,0.00279,18024,16.74253,107654
1430,stephennimmo,3,0.00279,18027,16.74531,107654
1431,stephenwolfe1,3,0.00279,18030,16.74810,107654
1432,stfnbstl,3,0.00279,18033,16.75089,107654
1433,sunzhenyucn,3,0.00279,18036,16.75367,107654
1434,supasteev0,3,0.00279,18039,16.75646,107654
1435,swathi59,3,0.00279,18042,16.75925,107654
1436,syou6162,3,0.00279,18045,16.76203,107654
1437,szEvEz,3,0.00279,18048,16.76482,107654
1438,szymon3,3,0.00279,18051,16.76761,107654
1439,t3mi,3,0.00279,18054,16.77039,107654
1440,takp,3,0.00279,18057,16.77318,107654
1441,tamseo,3,0.00279,18060,16.77597,107654
1442,tete17,3,0.00279,18063,16.77875,107654
1443,thardie,3,0.00279,18066,16.78154,107654
1444,ThomasVitt,3,0.00279,18069,16.78433,107654
1445,thorker,3,0.00279,18072,16.78711,107654
1446,tianhe-oi,3,0.00279,18075,16.78990,107654
1447,tincopper,3,0.00279,18078,16.79269,107654
1448,tnixa,3,0.00279,18081,16.79547,107654
1449,tomaszkrys,3,0.00279,18084,16.79826,107654
1450,Tomatoo,3,0.00279,18087,16.80105,107654
1451,TomKeur,3,0.00279,18090,16.80383,107654
1452,tonyyang-svail,3,0.00279,18093,16.80662,107654
1453,toVersus,3,0.00279,18096,16.80941,107654
1454,trevor403,3,0.00279,18099,16.81219,107654
1455,TrevorPace,3,0.00279,18102,16.81498,107654
1456,tsde,3,0.00279,18105,16.81777,107654
1457,tsterk,3,0.00279,18108,16.82055,107654
1458,UlyssesCB,3,0.00279,18111,16.82334,107654
1459,unitto1,3,0.00279,18114,16.82613,107654
1460,usrlocalang,3,0.00279,18117,16.82891,107654
1461,utkarsh-pro,3,0.00279,18120,16.83170,107654
1462,VaibhavRit,3,0.00279,18123,16.83449,107654
1463,varshab1210,3,0.00279,18126,16.83727,107654
1464,vistrcm,3,0.00279,18129,16.84006,107654
1465,vitalyrychkov,3,0.00279,18132,16.84285,107654
1466,vitarkah,3,0.00279,18135,16.84564,107654
1467,vmandrychenko,3,0.00279,18138,16.84842,107654
1468,w33dw0r7d,3,0.00279,18141,16.85121,107654
1469,wcedmisten,3,0.00279,18144,16.85400,107654
1470,willemm,3,0.00279,18147,16.85678,107654
1471,windmark,3,0.00279,18150,16.85957,107654
1472,wmcnamee-tunein,3,0.00279,18153,16.86236,107654
1473,xiaoweihong,3,0.00279,18156,16.86514,107654
1474,xkortex,3,0.00279,18159,16.86793,107654
1475,yankeexe,3,0.00279,18162,16.87072,107654
1476,YevheniiPokhvalii,3,0.00279,18165,16.87350,107654
1477,ygelfand,3,0.00279,18168,16.87629,107654
1478,YGwen,3,0.00279,18171,16.87908,107654
1479,yoan-adfinis,3,0.00279,18174,16.88186,107654
1480,YourTechBud,3,0.00279,18177,16.88465,107654
1481,yukirii,3,0.00279,18180,16.88744,107654
1482,yustoris,3,0.00279,18183,16.89022,107654
1483,yuvarajpalaniappan,3,0.00279,18186,16.89301,107654
1484,yuvraj9,3,0.00279,18189,16.89580,107654
1485,yuzujoe,3,0.00279,18192,16.89858,107654
1486,zebraincognito,3,0.00279,18195,16.90137,107654
1487,zephinzer,3,0.00279,18198,16.90416,107654
1488,zetsub0u,3,0.00279,18201,16.90694,107654
1489,zevektor,3,0.00279,18204,16.90973,107654
1490,zewelor,3,0.00279,18207,16.91252,107654
1491,zhiqli,3,0.00279,18210,16.91530,107654
1492,0x1D-1983,2,0.00186,18212,16.91716,107654
1493,2020testuser,2,0.00186,18214,16.91902,107654
1494,abaiju15,2,0.00186,18216,16.92088,107654
1495,AbdoulRahimBarry,2,0.00186,18218,16.92273,107654
1496,abhijeet0204,2,0.00186,18220,16.92459,107654
1497,adampearse,2,0.00186,18222,16.92645,107654
1498,adeepsri,2,0.00186,18224,16.92831,107654
1499,aditya1503,2,0.00186,18226,16.93017,107654
1500,adnankobir,2,0.00186,18228,16.93202,107654
1501,aekrohn,2,0.00186,18230,16.93388,107654
1502,agrawal93,2,0.00186,18232,16.93574,107654
1503,ailurarctos,2,0.00186,18234,16.93760,107654
1504,al26p,2,0.00186,18236,16.93945,107654
1505,alesabater,2,0.00186,18238,16.94131,107654
1506,AlestanAlves,2,0.00186,18240,16.94317,107654
1507,alexanderdalloz,2,0.00186,18242,16.94503,107654
1508,alexchiri,2,0.00186,18244,16.94689,107654
1509,alexeyzhuchkov,2,0.00186,18246,16.94874,107654
1510,alk-rniveau,2,0.00186,18248,16.95060,107654
1511,alschade,2,0.00186,18250,16.95246,107654
1512,alsuren,2,0.00186,18252,16.95432,107654
1513,amibln,2,0.00186,18254,16.95617,107654
1514,amiga23,2,0.00186,18256,16.95803,107654
1515,amitde69,2,0.00186,18258,16.95989,107654
1516,amoldharamshi,2,0.00186,18260,16.96175,107654
1517,amrragab8080,2,0.00186,18262,16.96361,107654
1518,anderius,2,0.00186,18264,16.96546,107654
1519,andrewm-aero,2,0.00186,18266,16.96732,107654
1520,arjunprasad2143,2,0.00186,18268,16.96918,107654
1521,arl7,2,0.00186,18270,16.97104,107654
1522,ArnaudRinquin,2,0.00186,18272,16.97289,107654
1523,arnoldrw,2,0.00186,18274,16.97475,107654
1524,ArpanBalpande,2,0.00186,18276,16.97661,107654
1525,arraytodd,2,0.00186,18278,16.97847,107654
1526,arun-vc,2,0.00186,18280,16.98033,107654
1527,asimhon,2,0.00186,18282,16.98218,107654
1528,AverageMarcus,2,0.00186,18284,16.98404,107654
1529,ayalam26,2,0.00186,18286,16.98590,107654
1530,aywrite,2,0.00186,18288,16.98776,107654
1531,BartoszZawadzki,2,0.00186,18290,16.98961,107654
1532,bbhuston,2,0.00186,18292,16.99147,107654
1533,bbqtk,2,0.00186,18294,16.99333,107654
1534,Beer786,2,0.00186,18296,16.99519,107654
1535,Bemosi,2,0.00186,18298,16.99705,107654
1536,bgreg1012,2,0.00186,18300,16.99890,107654
1537,bharathguvvala,2,0.00186,18302,17.00076,107654
1538,bilalshaikh42,2,0.00186,18304,17.00262,107654
1539,biyanisuraj,2,0.00186,18306,17.00448,107654
1540,bjoernw,2,0.00186,18308,17.00634,107654
1541,bkanuka,2,0.00186,18310,17.00819,107654
1542,bolthar,2,0.00186,18312,17.01005,107654
1543,boonware,2,0.00186,18314,17.01191,107654
1544,bostjan,2,0.00186,18316,17.01377,107654
1545,brendanstennett,2,0.00186,18318,17.01562,107654
1546,BrentonWatt,2,0.00186,18320,17.01748,107654
1547,brews,2,0.00186,18322,17.01934,107654
1548,bruce-au,2,0.00186,18324,17.02120,107654
1549,brychcy,2,0.00186,18326,17.02306,107654
1550,buehlmann,2,0.00186,18328,17.02491,107654
1551,c0ffeec0der,2,0.00186,18330,17.02677,107654
1552,calerogers,2,0.00186,18332,17.02863,107654
1553,callmemarv,2,0.00186,18334,17.03049,107654
1554,carlosalca,2,0.00186,18336,17.03234,107654
1555,catsgotmytongue,2,0.00186,18338,17.03420,107654
1556,CBytelabs,2,0.00186,18340,17.03606,107654
1557,cccdy,2,0.00186,18342,17.03792,107654
1558,ccdgrundhoefer,2,0.00186,18344,17.03978,107654
1559,cdobinsky,2,0.00186,18346,17.04163,107654
1560,celrenheit,2,0.00186,18348,17.04349,107654
1561,cesarokuti,2,0.00186,18350,17.04535,107654
1562,cgulseni,2,0.00186,18352,17.04721,107654
1563,challett,2,0.00186,18354,17.04906,107654
1564,charmitro,2,0.00186,18356,17.05092,107654
1565,chengchaoyin,2,0.00186,18358,17.05278,107654
1566,chenweiqiang7777,2,0.00186,18360,17.05464,107654
1567,chicocvenancio,2,0.00186,18362,17.05650,107654
1568,CH-karthikprasad,2,0.00186,18364,17.05835,107654
1569,chrisgarland,2,0.00186,18366,17.06021,107654
1570,chrishepner,2,0.00186,18368,17.06207,107654
1571,christopappas,2,0.00186,18370,17.06393,107654
1572,christophschnabl,2,0.00186,18372,17.06578,107654
1573,citizenken,2,0.00186,18374,17.06764,107654
1574,ckavili,2,0.00186,18376,17.06950,107654
1575,cmaster11,2,0.00186,18378,17.07136,107654
1576,code4free,2,0.00186,18380,17.07322,107654
1577,cohadar,2,0.00186,18382,17.07507,107654
1578,collinarnett,2,0.00186,18384,17.07693,107654
1579,colloquepourlapaix,2,0.00186,18386,17.07879,107654
1580,creiche,2,0.00186,18388,17.08065,107654
1581,cretz,2,0.00186,18390,17.08251,107654
1582,csandiri11,2,0.00186,18392,17.08436,107654
1583,cthulhu666,2,0.00186,18394,17.08622,107654
1584,ctison,2,0.00186,18396,17.08808,107654
1585,cw-ozaki,2,0.00186,18398,17.08994,107654
1586,cyberbliss,2,0.00186,18400,17.09179,107654
1587,dafinguzman,2,0.00186,18402,17.09365,107654
1588,dahrens,2,0.00186,18404,17.09551,107654
1589,damascenorakuten,2,0.00186,18406,17.09737,107654
1590,dan-j,2,0.00186,18408,17.09923,107654
1591,danylohetmantsev,2,0.00186,18410,17.10108,107654
1592,darkdragn,2,0.00186,18412,17.10294,107654
1593,daveresbk,2,0.00186,18414,17.10480,107654
1594,davidbIQ,2,0.00186,18416,17.10666,107654
1595,davidcv5,2,0.00186,18418,17.10851,107654
1596,davidqhr,2,0.00186,18420,17.11037,107654
1597,davidriskified,2,0.00186,18422,17.11223,107654
1598,dberg1,2,0.00186,18424,17.11409,107654
1599,dcnsakthi,2,0.00186,18426,17.11595,107654
1600,debfx,2,0.00186,18428,17.11780,107654
1601,DhairyaBahl,2,0.00186,18430,17.11966,107654
1602,dhatrifork,2,0.00186,18432,17.12152,107654
1603,Dhaval08,2,0.00186,18434,17.12338,107654
1604,Disturbing,2,0.00186,18436,17.12523,107654
1605,divaybansal,2,0.00186,18438,17.12709,107654
1606,dixneuf19,2,0.00186,18440,17.12895,107654
1607,dkimdon,2,0.00186,18442,17.13081,107654
1608,dland-ethos,2,0.00186,18444,17.13267,107654
1609,dmitry-semenov-rtl,2,0.00186,18446,17.13452,107654
1610,dodwmd,2,0.00186,18448,17.13638,107654
1611,DolevAlgam,2,0.00186,18450,17.13824,107654
1612,dorr-vonage,2,0.00186,18452,17.14010,107654
1613,dpennell,2,0.00186,18454,17.14195,107654
1614,dragoneena12,2,0.00186,18456,17.14381,107654
1615,Dreamheart,2,0.00186,18458,17.14567,107654
1616,dsch,2,0.00186,18460,17.14753,107654
1617,dustinchilson,2,0.00186,18462,17.14939,107654
1618,Dymanik,2,0.00186,18464,17.15124,107654
1619,eakman-nomad,2,0.00186,18466,17.15310,107654
1620,east4ming,2,0.00186,18468,17.15496,107654
1621,eggsbenjamin,2,0.00186,18470,17.15682,107654
1622,eirisdg,2,0.00186,18472,17.15868,107654
1623,ekesken,2,0.00186,18474,17.16053,107654
1624,elucidator,2,0.00186,18476,17.16239,107654
1625,emirot,2,0.00186,18478,17.16425,107654
1626,er0sin,2,0.00186,18480,17.16611,107654
1627,eric-sellers,2,0.00186,18482,17.16796,107654
1628,EricYqd,2,0.00186,18484,17.16982,107654
1629,etopeter,2,0.00186,18486,17.17168,107654
1630,eupestov,2,0.00186,18488,17.17354,107654
1631,evagonz,2,0.00186,18490,17.17540,107654
1632,fabaliga,2,0.00186,18492,17.17725,107654
1633,fabricev,2,0.00186,18494,17.17911,107654
1634,Farkal,2,0.00186,18496,17.18097,107654
1635,faruryo,2,0.00186,18498,17.18283,107654
1636,fatalsaint,2,0.00186,18500,17.18468,107654
1637,FearTheBadger,2,0.00186,18502,17.18654,107654
1638,felixgao,2,0.00186,18504,17.18840,107654
1639,fhalim,2,0.00186,18506,17.19026,107654
1640,fjammes,2,0.00186,18508,17.19212,107654
1641,floflock,2,0.00186,18510,17.19397,107654
1642,flxs,2,0.00186,18512,17.19583,107654
1643,FourFifthsCode,2,0.00186,18514,17.19769,107654
1644,FranciscoMateusVG,2,0.00186,18516,17.19955,107654
1645,franklevering,2,0.00186,18518,17.20140,107654
1646,freehck-codefresh,2,0.00186,18520,17.20326,107654
1647,FurtadoT,2,0.00186,18522,17.20512,107654
1648,gadisn,2,0.00186,18524,17.20698,107654
1649,Gaikanomer9,2,0.00186,18526,17.20884,107654
1650,gambuzzi,2,0.00186,18528,17.21069,107654
1651,Gangaram-Dewasi,2,0.00186,18530,17.21255,107654
1652,gasgithub,2,0.00186,18532,17.21441,107654
1653,gavinmead,2,0.00186,18534,17.21627,107654
1654,gchandramohan,2,0.00186,18536,17.21812,107654
1655,gerardaus,2,0.00186,18538,17.21998,107654
1656,ggogel,2,0.00186,18540,17.22184,107654
1657,ghostx3,2,0.00186,18542,17.22370,107654
1658,gigawhat,2,0.00186,18544,17.22556,107654
1659,giskou,2,0.00186,18546,17.22741,107654
1660,glennpratt,2,0.00186,18548,17.22927,107654
1661,gnekic,2,0.00186,18550,17.23113,107654
1662,golance-mightydevops,2,0.00186,18552,17.23299,107654
1663,goldsam,2,0.00186,18554,17.23484,107654
1664,gordiustechnologies,2,0.00186,18556,17.23670,107654
1665,goyalmohit,2,0.00186,18558,17.23856,107654
1666,grifx,2,0.00186,18560,17.24042,107654
1667,gromgit,2,0.00186,18562,17.24228,107654
1668,gsdevme,2,0.00186,18564,17.24413,107654
1669,gskolysz,2,0.00186,18566,17.24599,107654
1670,guanwei,2,0.00186,18568,17.24785,107654
1671,guigo2k,2,0.00186,18570,17.24971,107654
1672,guleng,2,0.00186,18572,17.25157,107654
1673,guyelia,2,0.00186,18574,17.25342,107654
1674,gymlt,2,0.00186,18576,17.25528,107654
1675,haakonw-ksat,2,0.00186,18578,17.25714,107654
1676,hanzala1234,2,0.00186,18580,17.25900,107654
1677,harmen1994,2,0.00186,18582,17.26085,107654
1678,harsh-dialpad,2,0.00186,18584,17.26271,107654
1679,haslersn,2,0.00186,18586,17.26457,107654
1680,hasueki,2,0.00186,18588,17.26643,107654
1681,henrydecovo,2,0.00186,18590,17.26829,107654
1682,herozabbix,2,0.00186,18592,17.27014,107654
1683,herzogf,2,0.00186,18594,17.27200,107654
1684,hexsel,2,0.00186,18596,17.27386,107654
1685,hienle-ntt,2,0.00186,18598,17.27572,107654
1686,hiu-phail,2,0.00186,18600,17.27757,107654
1687,hkiang01,2,0.00186,18602,17.27943,107654
1688,hmthoo,2,0.00186,18604,17.28129,107654
1689,hnq90,2,0.00186,18606,17.28315,107654
1690,Hounddog,2,0.00186,18608,17.28501,107654
1691,houssoli,2,0.00186,18610,17.28686,107654
1692,htgeis,2,0.00186,18612,17.28872,107654
1693,hughobrien,2,0.00186,18614,17.29058,107654
1694,huhudev-git,2,0.00186,18616,17.29244,107654
1695,HunterEl,2,0.00186,18618,17.29429,107654
1696,hyeonjae,2,0.00186,18620,17.29615,107654
1697,iamsudip,2,0.00186,18622,17.29801,107654
1698,ibmdcb,2,0.00186,18624,17.29987,107654
1699,ichwahyudi,2,0.00186,18626,17.30173,107654
1700,igarciar,2,0.00186,18628,17.30358,107654
1701,IliaGe,2,0.00186,18630,17.30544,107654
1702,iliion,2,0.00186,18632,17.30730,107654
1703,imakewebthings,2,0.00186,18634,17.30916,107654
1704,imanissy,2,0.00186,18636,17.31101,107654
1705,Inveracity,2,0.00186,18638,17.31287,107654
1706,ionutleca,2,0.00186,18640,17.31473,107654
1707,isabo-lola,2,0.00186,18642,17.31659,107654
1708,ismailengin,2,0.00186,18644,17.31845,107654
1709,itamar-marom,2,0.00186,18646,17.32030,107654
1710,itmustbejj,2,0.00186,18648,17.32216,107654
1711,ittennull,2,0.00186,18650,17.32402,107654
1712,jackstuart92,2,0.00186,18652,17.32588,107654
1713,jacobhagstedt,2,0.00186,18654,17.32774,107654
1714,jacobsin,2,0.00186,18656,17.32959,107654
1715,jakupovic,2,0.00186,18658,17.33145,107654
1716,jalberti,2,0.00186,18660,17.33331,107654
1717,jandersen-plaid,2,0.00186,18662,17.33517,107654
1718,janludvikd3,2,0.00186,18664,17.33702,107654
1719,jan-ludvik-deltatre,2,0.00186,18666,17.33888,107654
1720,janschauta,2,0.00186,18668,17.34074,107654
1721,JaveriaK,2,0.00186,18670,17.34260,107654
1722,jawlitkp,2,0.00186,18672,17.34446,107654
1723,JayLeeResBio,2,0.00186,18674,17.34631,107654
1724,JBartlett86,2,0.00186,18676,17.34817,107654
1725,jcrsilva,2,0.00186,18678,17.35003,107654
1726,jd0x,2,0.00186,18680,17.35189,107654
1727,jdbohrman,2,0.00186,18682,17.35374,107654
1728,jdfalko,2,0.00186,18684,17.35560,107654
1729,jeffmax,2,0.00186,18686,17.35746,107654
1730,jeliasson,2,0.00186,18688,17.35932,107654
1731,jendrikjoe,2,0.00186,18690,17.36118,107654
1732,jeromeky,2,0.00186,18692,17.36303,107654
1733,jesse-gonzalez,2,0.00186,18694,17.36489,107654
1734,jgoeres,2,0.00186,18696,17.36675,107654
1735,jherman3,2,0.00186,18698,17.36861,107654
1736,jixiangyiyi,2,0.00186,18700,17.37046,107654
1737,jlopezzarza,2,0.00186,18702,17.37232,107654
1738,jlumme,2,0.00186,18704,17.37418,107654
1739,jmcduffie,2,0.00186,18706,17.37604,107654
1740,joaocarvalhowd,2,0.00186,18708,17.37790,107654
1741,joaopaulosr95,2,0.00186,18710,17.37975,107654
1742,jochenhebbrecht,2,0.00186,18712,17.38161,107654
1743,JohanWork,2,0.00186,18714,17.38347,107654
1744,johnreutersward,2,0.00186,18716,17.38533,107654
1745,Jojoooo1,2,0.00186,18718,17.38718,107654
1746,jonasdebeukelaer,2,0.00186,18720,17.38904,107654
1747,josephnatale,2,0.00186,18722,17.39090,107654
1748,JoshuaJackson-jobvite,2,0.00186,18724,17.39276,107654
1749,jp-gouin,2,0.00186,18726,17.39462,107654
1750,JSIDELIVERETH,2,0.00186,18728,17.39647,107654
1751,JuanSeBestia,2,0.00186,18730,17.39833,107654
1752,Juhyeok,2,0.00186,18732,17.40019,107654
1753,jukops,2,0.00186,18734,17.40205,107654
1754,jvoltaww,2,0.00186,18736,17.40391,107654
1755,jyothish-git,2,0.00186,18738,17.40576,107654
1756,k9ert,2,0.00186,18740,17.40762,107654
1757,kahayes,2,0.00186,18742,17.40948,107654
1758,karkrish,2,0.00186,18744,17.41134,107654
1759,kaushikb11,2,0.00186,18746,17.41319,107654
1760,kbial,2,0.00186,18748,17.41505,107654
1761,kenske,2,0.00186,18750,17.41691,107654
1762,kev1n11,2,0.00186,18752,17.41877,107654
1763,kgaurav2,2,0.00186,18754,17.42063,107654
1764,kjenney,2,0.00186,18756,17.42248,107654
1765,klfgit,2,0.00186,18758,17.42434,107654
1766,k-mckinney,2,0.00186,18760,17.42620,107654
1767,kmorkans,2,0.00186,18762,17.42806,107654
1768,knkarthik,2,0.00186,18764,17.42991,107654
1769,knutgoetz,2,0.00186,18766,17.43177,107654
1770,ksaito1125,2,0.00186,18768,17.43363,107654
1771,ksimka,2,0.00186,18770,17.43549,107654
1772,kuburoma,2,0.00186,18772,17.43735,107654
1773,kumarpramod,2,0.00186,18774,17.43920,107654
1774,kuritayu,2,0.00186,18776,17.44106,107654
1775,kuy,2,0.00186,18778,17.44292,107654
1776,Kyrklund,2,0.00186,18780,17.44478,107654
1777,lacarvalho91,2,0.00186,18782,17.44663,107654
1778,lamroger,2,0.00186,18784,17.44849,107654
1779,langemar,2,0.00186,18786,17.45035,107654
1780,Lapeyus,2,0.00186,18788,17.45221,107654
1781,laurentzoz,2,0.00186,18790,17.45407,107654
1782,lbpdt,2,0.00186,18792,17.45592,107654
1783,leandro-manifesto,2,0.00186,18794,17.45778,107654
1784,leewardbound,2,0.00186,18796,17.45964,107654
1785,LeJav,2,0.00186,18798,17.46150,107654
1786,LelandSindt,2,0.00186,18800,17.46335,107654
1787,lennon310,2,0.00186,18802,17.46521,107654
1788,leosussan,2,0.00186,18804,17.46707,107654
1789,leo-viridis,2,0.00186,18806,17.46893,107654
1790,lifelofranco,2,0.00186,18808,17.47079,107654
1791,likaiwen123,2,0.00186,18810,17.47264,107654
1792,lindlof,2,0.00186,18812,17.47450,107654
1793,lingwooc,2,0.00186,18814,17.47636,107654
1794,liorrozen,2,0.00186,18816,17.47822,107654
1795,Liv1020,2,0.00186,18818,17.48008,107654
1796,lixiv,2,0.00186,18820,17.48193,107654
1797,ljk662,2,0.00186,18822,17.48379,107654
1798,llavaud,2,0.00186,18824,17.48565,107654
1799,loreleimccollum,2,0.00186,18826,17.48751,107654
1800,lorenz-99,2,0.00186,18828,17.48936,107654
1801,LotharKAtt,2,0.00186,18830,17.49122,107654
1802,loupipalien,2,0.00186,18832,17.49308,107654
1803,lsolovey,2,0.00186,18834,17.49494,107654
1804,lucasarnulphy,2,0.00186,18836,17.49680,107654
1805,lunyi,2,0.00186,18838,17.49865,107654
1806,m0un10,2,0.00186,18840,17.50051,107654
1807,maateen,2,0.00186,18842,17.50237,107654
1808,madchr1st,2,0.00186,18844,17.50423,107654
1809,Madurad,2,0.00186,18846,17.50608,107654
1810,makeItFuckingSustainable,2,0.00186,18848,17.50794,107654
1811,marciopribeiro87,2,0.00186,18850,17.50980,107654
1812,marekadare,2,0.00186,18852,17.51166,107654
1813,marmelin,2,0.00186,18854,17.51352,107654
1814,marsdalesa,2,0.00186,18856,17.51537,107654
1815,maryala9,2,0.00186,18858,17.51723,107654
1816,masaru2604,2,0.00186,18860,17.51909,107654
1817,masonse,2,0.00186,18862,17.52095,107654
1818,matang28,2,0.00186,18864,17.52280,107654
1819,mattskone,2,0.00186,18866,17.52466,107654
1820,Matzz,2,0.00186,18868,17.52652,107654
1821,maximmold,2,0.00186,18870,17.52838,107654
1822,mcallb,2,0.00186,18872,17.53024,107654
1823,mdvorak,2,0.00186,18874,17.53209,107654
1824,medkbadri,2,0.00186,18876,17.53395,107654
1825,meghanabsrinath,2,0.00186,18878,17.53581,107654
1826,melalj,2,0.00186,18880,17.53767,107654
1827,melkosoft,2,0.00186,18882,17.53952,107654
1828,metallica127,2,0.00186,18884,17.54138,107654
1829,mfranklin,2,0.00186,18886,17.54324,107654
1830,mg03,2,0.00186,18888,17.54510,107654
1831,mgaroz,2,0.00186,18890,17.54696,107654
1832,mhensley-cls,2,0.00186,18892,17.54881,107654
1833,michael-bowen-sc,2,0.00186,18894,17.55067,107654
1834,migka2012,2,0.00186,18896,17.55253,107654
1835,mihail-milev,2,0.00186,18898,17.55439,107654
1836,mkfp,2,0.00186,18900,17.55625,107654
1837,mogsie,2,0.00186,18902,17.55810,107654
1838,mojojoji,2,0.00186,18904,17.55996,107654
1839,monocl-devops,2,0.00186,18906,17.56182,107654
1840,moreginger,2,0.00186,18908,17.56368,107654
1841,mprzygrodzki,2,0.00186,18910,17.56553,107654
1842,Mr-istov,2,0.00186,18912,17.56739,107654
1843,msessa,2,0.00186,18914,17.56925,107654
1844,msiebeneicher,2,0.00186,18916,17.57111,107654
1845,mstevens-a3,2,0.00186,18918,17.57297,107654
1846,msuthar-splunk,2,0.00186,18920,17.57482,107654
1847,mtribes-ops,2,0.00186,18922,17.57668,107654
1848,MuhammadZeeshan34,2,0.00186,18924,17.57854,107654
1849,muratzorer,2,0.00186,18926,17.58040,107654
1850,muzcategui1106-gs,2,0.00186,18928,17.58225,107654
1851,mvpmvh,2,0.00186,18930,17.58411,107654
1852,mwarnerblu,2,0.00186,18932,17.58597,107654
1853,myspotontheweb,2,0.00186,18934,17.58783,107654
1854,mzahorik,2,0.00186,18936,17.58969,107654
1855,nadavshatz,2,0.00186,18938,17.59154,107654
1856,nahidupa,2,0.00186,18940,17.59340,107654
1857,namidairo777,2,0.00186,18942,17.59526,107654
1858,Nash-x9,2,0.00186,18944,17.59712,107654
1859,naveenb30,2,0.00186,18946,17.59897,107654
1860,navinjoy,2,0.00186,18948,17.60083,107654
1861,navry,2,0.00186,18950,17.60269,107654
1862,ndrpnt,2,0.00186,18952,17.60455,107654
1863,neel229,2,0.00186,18954,17.60641,107654
1864,nekottyo,2,0.00186,18956,17.60826,107654
1865,nemanjasymphony,2,0.00186,18958,17.61012,107654
1866,nenadzaric,2,0.00186,18960,17.61198,107654
1867,neoakris,2,0.00186,18962,17.61384,107654
1868,nfillot,2,0.00186,18964,17.61569,107654
1869,nglinh,2,0.00186,18966,17.61755,107654
1870,nibooy,2,0.00186,18968,17.61941,107654
1871,nickma82,2,0.00186,18970,17.62127,107654
1872,nicolas-geniteau,2,0.00186,18972,17.62313,107654
1873,niebniebnieb,2,0.00186,18974,17.62498,107654
1874,NightmareCinema,2,0.00186,18976,17.62684,107654
1875,nikonorovi,2,0.00186,18978,17.62870,107654
1876,niscoveanumircea,2,0.00186,18980,17.63056,107654
1877,nivekastoreth,2,0.00186,18982,17.63241,107654
1878,nmyalik,2,0.00186,18984,17.63427,107654
1879,ntoofu,2,0.00186,18986,17.63613,107654
1880,nuno407,2,0.00186,18988,17.63799,107654
1881,nwalens,2,0.00186,18990,17.63985,107654
1882,ocanema,2,0.00186,18992,17.64170,107654
1883,Oded-B,2,0.00186,18994,17.64356,107654
1884,okdas,2,0.00186,18996,17.64542,107654
1885,olevski,2,0.00186,18998,17.64728,107654
1886,omarzouk,2,0.00186,19000,17.64914,107654
1887,Onlinehead,2,0.00186,19002,17.65099,107654
1888,openrory,2,0.00186,19004,17.65285,107654
1889,ordovicia,2,0.00186,19006,17.65471,107654
1890,orfeldman-deci,2,0.00186,19008,17.65657,107654
1891,oscarrobertson,2,0.00186,19010,17.65842,107654
1892,ovk,2,0.00186,19012,17.66028,107654
1893,palp,2,0.00186,19014,17.66214,107654
1894,pantaoran,2,0.00186,19016,17.66400,107654
1895,PastNullInfinity,2,0.00186,19018,17.66586,107654
1896,PatrickSplice,2,0.00186,19020,17.66771,107654
1897,peteski22,2,0.00186,19022,17.66957,107654
1898,pfyod,2,0.00186,19024,17.67143,107654
1899,pgaxatte,2,0.00186,19026,17.67329,107654
1900,phillip-ops,2,0.00186,19028,17.67514,107654
1901,pnowy,2,0.00186,19030,17.67700,107654
1902,pramod0310,2,0.00186,19032,17.67886,107654
1903,prarabdh9909,2,0.00186,19034,17.68072,107654
1904,pratikzingade,2,0.00186,19036,17.68258,107654
1905,PRaviKumarAdmin,2,0.00186,19038,17.68443,107654
1906,psibi,2,0.00186,19040,17.68629,107654
1907,psionic-k,2,0.00186,19042,17.68815,107654
1908,PsychoSid,2,0.00186,19044,17.69001,107654
1909,ptzool,2,0.00186,19046,17.69186,107654
1910,pupudu,2,0.00186,19048,17.69372,107654
1911,Purneau,2,0.00186,19050,17.69558,107654
1912,qimingj,2,0.00186,19052,17.69744,107654
1913,qins,2,0.00186,19054,17.69930,107654
1914,qjcg,2,0.00186,19056,17.70115,107654
1915,r0kas,2,0.00186,19058,17.70301,107654
1916,r2sd,2,0.00186,19060,17.70487,107654
1917,raanand-home,2,0.00186,19062,17.70673,107654
1918,RaeShelly,2,0.00186,19064,17.70858,107654
1919,rahuly1516,2,0.00186,19066,17.71044,107654
1920,ranrubin,2,0.00186,19068,17.71230,107654
1921,rbabyuk,2,0.00186,19070,17.71416,107654
1922,realrhys,2,0.00186,19072,17.71602,107654
1923,RenukuntlaMonisha,2,0.00186,19074,17.71787,107654
1924,resamaraschi,2,0.00186,19076,17.71973,107654
1925,RicardoDMAraujo,2,0.00186,19078,17.72159,107654
1926,ricoms,2,0.00186,19080,17.72345,107654
1927,robermar23,2,0.00186,19082,17.72531,107654
1928,robpblake,2,0.00186,19084,17.72716,107654
1929,roelofjansen,2,0.00186,19086,17.72902,107654
1930,RoiSightfull,2,0.00186,19088,17.73088,107654
1931,romani-dev,2,0.00186,19090,17.73274,107654
1932,ronaldour,2,0.00186,19092,17.73459,107654
1933,rovindraacquia,2,0.00186,19094,17.73645,107654
1934,RR90,2,0.00186,19096,17.73831,107654
1935,rsassPwC,2,0.00186,19098,17.74017,107654
1936,ruben-ojeda-mednax,2,0.00186,19100,17.74203,107654
1937,ryantse,2,0.00186,19102,17.74388,107654
1938,RysBen,2,0.00186,19104,17.74574,107654
1939,ryudwig,2,0.00186,19106,17.74760,107654
1940,safe2008,2,0.00186,19108,17.74946,107654
1941,salla2,2,0.00186,19110,17.75131,107654
1942,samcgardner,2,0.00186,19112,17.75317,107654
1943,samn,2,0.00186,19114,17.75503,107654
1944,Sapatul,2,0.00186,19116,17.75689,107654
1945,saphp,2,0.00186,19118,17.75875,107654
1946,sarahhenkens,2,0.00186,19120,17.76060,107654
1947,saumas,2,0.00186,19122,17.76246,107654
1948,scholtzan,2,0.00186,19124,17.76432,107654
1949,scodeman,2,0.00186,19126,17.76618,107654
1950,sctsang,2,0.00186,19128,17.76803,107654
1951,sdtokkolabs,2,0.00186,19130,17.76989,107654
1952,senare,2,0.00186,19132,17.77175,107654
1953,sercanacar,2,0.00186,19134,17.77361,107654
1954,sergkkaltura,2,0.00186,19136,17.77547,107654
1955,sethp-nr,2,0.00186,19138,17.77732,107654
1956,shanleyHe,2,0.00186,19140,17.77918,107654
1957,sharif-rahman,2,0.00186,19142,17.78104,107654
1958,shashanklmurthy,2,0.00186,19144,17.78290,107654
1959,shepely,2,0.00186,19146,17.78475,107654
1960,shivan10,2,0.00186,19148,17.78661,107654
1961,SHLo,2,0.00186,19150,17.78847,107654
1962,Shraddhak22,2,0.00186,19152,17.79033,107654
1963,Siebjee,2,0.00186,19154,17.79219,107654
1964,sigfridh,2,0.00186,19156,17.79404,107654
1965,simonbonnefoy,2,0.00186,19158,17.79590,107654
1966,simran3695,2,0.00186,19160,17.79776,107654
1967,sinvalmendes,2,0.00186,19162,17.79962,107654
1968,sivaguru-nathan,2,0.00186,19164,17.80148,107654
1969,sjbodzo,2,0.00186,19166,17.80333,107654
1970,sjkim2322,2,0.00186,19168,17.80519,107654
1971,slmingol,2,0.00186,19170,17.80705,107654
1972,slongay,2,0.00186,19172,17.80891,107654
1973,Smeuh,2,0.00186,19174,17.81076,107654
1974,smm190,2,0.00186,19176,17.81262,107654
1975,sorinjulean-c,2,0.00186,19178,17.81448,107654
1976,sphadley,2,0.00186,19180,17.81634,107654
1977,srearnold,2,0.00186,19182,17.81820,107654
1978,stefanlsd,2,0.00186,19184,17.82005,107654
1979,StefanoFioravanzo,2,0.00186,19186,17.82191,107654
1980,stephenharris,2,0.00186,19188,17.82377,107654
1981,steve-marmalade,2,0.00186,19190,17.82563,107654
1982,s-tokutake,2,0.00186,19192,17.82748,107654
1983,stpierre,2,0.00186,19194,17.82934,107654
1984,surajrajan-maf,2,0.00186,19196,17.83120,107654
1985,Sureshkumaar09,2,0.00186,19198,17.83306,107654
1986,syedimranhassan,2,0.00186,19200,17.83492,107654
1987,szalapski,2,0.00186,19202,17.83677,107654
1988,Talador12,2,0.00186,19204,17.83863,107654
1989,tareqhs,2,0.00186,19206,17.84049,107654
1990,tatiesmars,2,0.00186,19208,17.84235,107654
1991,tdfirth,2,0.00186,19210,17.84420,107654
1992,Techyuvi,2,0.00186,19212,17.84606,107654
1993,teddybuy,2,0.00186,19214,17.84792,107654
1994,tekenstam,2,0.00186,19216,17.84978,107654
1995,TewWe,2,0.00186,19218,17.85164,107654
1996,thanhpd-teko,2,0.00186,19220,17.85349,107654
1997,thedewpoint,2,0.00186,19222,17.85535,107654
1998,thekovach,2,0.00186,19224,17.85721,107654
1999,theNewFlesh,2,0.00186,19226,17.85907,107654
2000,theobarberbany,2,0.00186,19228,17.86092,107654
2001,therealarty,2,0.00186,19230,17.86278,107654
2002,thetruechar,2,0.00186,19232,17.86464,107654
2003,ThinkBriK,2,0.00186,19234,17.86650,107654
2004,timecast,2,0.00186,19236,17.86836,107654
2005,timspeetjens,2,0.00186,19238,17.87021,107654
2006,tkbits9,2,0.00186,19240,17.87207,107654
2007,tkozma,2,0.00186,19242,17.87393,107654
2008,TMaYaD,2,0.00186,19244,17.87579,107654
2009,tom-256,2,0.00186,19246,17.87765,107654
2010,TomeHirata,2,0.00186,19248,17.87950,107654
2011,tonythomasm,2,0.00186,19250,17.88136,107654
2012,toolbar23,2,0.00186,19252,17.88322,107654
2013,tooooots,2,0.00186,19254,17.88508,107654
2014,tormig-softronic,2,0.00186,19256,17.88693,107654
2015,trim777,2,0.00186,19258,17.88879,107654
2016,trv-jsmith10,2,0.00186,19260,17.89065,107654
2017,ttk,2,0.00186,19262,17.89251,107654
2018,unrolled,2,0.00186,19264,17.89437,107654
2019,uxth,2,0.00186,19266,17.89622,107654
2020,Va1,2,0.00186,19268,17.89808,107654
2021,VA-PLE,2,0.00186,19270,17.89994,107654
2022,vassilvk,2,0.00186,19272,17.90180,107654
2023,vcastane,2,0.00186,19274,17.90365,107654
2024,vdharmap,2,0.00186,19276,17.90551,107654
2025,vd-rd,2,0.00186,19278,17.90737,107654
2026,veenaguru,2,0.00186,19280,17.90923,107654
2027,veggiemonk,2,0.00186,19282,17.91109,107654
2028,veithammerstingl,2,0.00186,19284,17.91294,107654
2029,venksel,2,0.00186,19286,17.91480,107654
2030,vic-c137,2,0.00186,19288,17.91666,107654
2031,VictoryAnn,2,0.00186,19290,17.91852,107654
2032,vipulnewaskar7,2,0.00186,19292,17.92037,107654
2033,vliubko,2,0.00186,19294,17.92223,107654
2034,voldemortensen,2,0.00186,19296,17.92409,107654
2035,vvvlad,2,0.00186,19298,17.92595,107654
2036,wangwj,2,0.00186,19300,17.92781,107654
2037,wardhane,2,0.00186,19302,17.92966,107654
2038,whdckszxxx,2,0.00186,19304,17.93152,107654
2039,whitlekx,2,0.00186,19306,17.93338,107654
2040,wrichter,2,0.00186,19308,17.93524,107654
2041,wuminsure,2,0.00186,19310,17.93709,107654
2042,wxncjonorri,2,0.00186,19312,17.93895,107654
2043,wyzksp,2,0.00186,19314,17.94081,107654
2044,xannz,2,0.00186,19316,17.94267,107654
2045,xcircle,2,0.00186,19318,17.94453,107654
2046,xeniumlee,2,0.00186,19320,17.94638,107654
2047,xpicio,2,0.00186,19322,17.94824,107654
2048,xriser,2,0.00186,19324,17.95010,107654
2049,xuhrc,2,0.00186,19326,17.95196,107654
2050,xybuty,2,0.00186,19328,17.95381,107654
2051,y4roslav,2,0.00186,19330,17.95567,107654
2052,yangliupku,2,0.00186,19332,17.95753,107654
2053,yangvipguang,2,0.00186,19334,17.95939,107654
2054,yanivomc,2,0.00186,19336,17.96125,107654
2055,yauhen-sobaleu,2,0.00186,19338,17.96310,107654
2056,yconio,2,0.00186,19340,17.96496,107654
2057,yertym,2,0.00186,19342,17.96682,107654
2058,yfried,2,0.00186,19344,17.96868,107654
2059,yokaze,2,0.00186,19346,17.97054,107654
2060,YoshiChladny,2,0.00186,19348,17.97239,107654
2061,yoshz,2,0.00186,19350,17.97425,107654
2062,YouSysAdmin,2,0.00186,19352,17.97611,107654
2063,ysaito1001,2,0.00186,19354,17.97797,107654
2064,yukin01,2,0.00186,19356,17.97982,107654
2065,yuri-denysenko-codefresh,2,0.00186,19358,17.98168,107654
2066,yuta-ron,2,0.00186,19360,17.98354,107654
2067,z11i,2,0.00186,19362,17.98540,107654
2068,zakriya753,2,0.00186,19364,17.98726,107654
2069,zdplus,2,0.00186,19366,17.98911,107654
2070,zeysh,2,0.00186,19368,17.99097,107654
2071,zhimsel,2,0.00186,19370,17.99283,107654
2072,zhubby,2,0.00186,19372,17.99469,107654
2073,zoftdev,2,0.00186,19374,17.99654,107654
2074,zyxue,2,0.00186,19376,17.99840,107654
2075,0-duke,1,0.00093,19377,17.99933,107654
2076,617m4rc,1,0.00093,19378,18.00026,107654
2077,644755,1,0.00093,19379,18.00119,107654
2078,9uill4ume,1,0.00093,19380,18.00212,107654
2079,Aankhen,1,0.00093,19381,18.00305,107654
2080,aatabek,1,0.00093,19382,18.00398,107654
2081,abc225666,1,0.00093,19383,18.00490,107654
2082,AbdulR3hman,1,0.00093,19384,18.00583,107654
2083,abirdZendesk,1,0.00093,19385,18.00676,107654
2084,abusaidm,1,0.00093,19386,18.00769,107654
2085,Activehigh,1,0.00093,19387,18.00862,107654
2086,adamkaczmarskiacaisoft,1,0.00093,19388,18.00955,107654
2087,AdamKorcz,1,0.00093,19389,18.01048,107654
2088,AdamPodolski,1,0.00093,19390,18.01141,107654
2089,adamvonpaternos,1,0.00093,19391,18.01234,107654
2090,AdiShaull,1,0.00093,19392,18.01326,107654
2091,aditmeno,1,0.00093,19393,18.01419,107654
2092,advissor,1,0.00093,19394,18.01512,107654
2093,aeckard87,1,0.00093,19395,18.01605,107654
2094,agarwva2,1,0.00093,19396,18.01698,107654
2095,AgentK20,1,0.00093,19397,18.01791,107654
2096,agustinvinao,1,0.00093,19398,18.01884,107654
2097,ahm8dx86,1,0.00093,19399,18.01977,107654
2098,ahmetavc,1,0.00093,19400,18.02070,107654
2099,aido93,1,0.00093,19401,18.02162,107654
2100,ailox,1,0.00093,19402,18.02255,107654
2101,ajaypbrt,1,0.00093,19403,18.02348,107654
2102,ajitkumar2797,1,0.00093,19404,18.02441,107654
2103,ajkaanbal,1,0.00093,19405,18.02534,107654
2104,ajoskowski,1,0.00093,19406,18.02627,107654
2105,akemner,1,0.00093,19407,18.02720,107654
2106,AkhilKavuri,1,0.00093,19408,18.02813,107654
2107,akshayaccha,1,0.00093,19409,18.02906,107654
2108,AlehB,1,0.00093,19410,18.02998,107654
2109,AlexC,1,0.00093,19411,18.03091,107654
2110,alexismaior,1,0.00093,19412,18.03184,107654
2111,alias-dev,1,0.00093,19413,18.03277,107654
2112,allapavan1208,1,0.00093,19414,18.03370,107654
2113,allej,1,0.00093,19415,18.03463,107654
2114,alter,1,0.00093,19416,18.03556,107654
2115,altonchuzhan,1,0.00093,19417,18.03649,107654
2116,amandeep009,1,0.00093,19418,18.03742,107654
2117,amanmahajan26,1,0.00093,19419,18.03835,107654
2118,ambsFlip,1,0.00093,19420,18.03927,107654
2119,aminhjz-bux,1,0.00093,19421,18.04020,107654
2120,amitkulkarni79,1,0.00093,19422,18.04113,107654
2121,ampc,1,0.00093,19423,18.04206,107654
2122,anarkia7115,1,0.00093,19424,18.04299,107654
2123,andehen,1,0.00093,19425,18.04392,107654
2124,andersliland,1,0.00093,19426,18.04485,107654
2125,andoriyu,1,0.00093,19427,18.04578,107654
2126,andras-babos,1,0.00093,19428,18.04671,107654
2127,AndreasMichalke,1,0.00093,19429,18.04763,107654
2128,AndreiBrajnicov,1,0.00093,19430,18.04856,107654
2129,andrew-arkhipov,1,0.00093,19431,18.04949,107654
2130,andrewgdavis,1,0.00093,19432,18.05042,107654
2131,andronux,1,0.00093,19433,18.05135,107654
2132,andrusstrockiy,1,0.00093,19434,18.05228,107654
2133,andy-han,1,0.00093,19435,18.05321,107654
2134,anhdle14,1,0.00093,19436,18.05414,107654
2135,AnjanaAK,1,0.00093,19437,18.05507,107654
2136,annai-murakami,1,0.00093,19438,18.05599,107654
2137,anoasis,1,0.00093,19439,18.05692,107654
2138,AntonioNaranjo1,1,0.00093,19440,18.05785,107654
2139,AntPAllen,1,0.00093,19441,18.05878,107654
2140,antvalencia,1,0.00093,19442,18.05971,107654
2141,apicht,1,0.00093,19443,18.06064,107654
2142,AravindanSridhar,1,0.00093,19444,18.06157,107654
2143,arctiqhart,1,0.00093,19445,18.06250,107654
2144,argee5285,1,0.00093,19446,18.06343,107654
2145,arieltw1,1,0.00093,19447,18.06435,107654
2146,arikmaor,1,0.00093,19448,18.06528,107654
2147,arkentos,1,0.00093,19449,18.06621,107654
2148,Armagedoom,1,0.00093,19450,18.06714,107654
2149,aroute,1,0.00093,19451,18.06807,107654
2150,arramos84,1,0.00093,19452,18.06900,107654
2151,arroo,1,0.00093,19453,18.06993,107654
2152,arshadansari27,1,0.00093,19454,18.07086,107654
2153,asanami,1,0.00093,19455,18.07179,107654
2154,aschaber1,1,0.00093,19456,18.07271,107654
2155,asghaier76,1,0.00093,19457,18.07364,107654
2156,asubmani,1,0.00093,19458,18.07457,107654
2157,auswells,1,0.00093,19459,18.07550,107654
2158,au-wendy,1,0.00093,19460,18.07643,107654
2159,AvasDream,1,0.00093,19461,18.07736,107654
2160,avgils,1,0.00093,19462,18.07829,107654
2161,aviam,1,0.00093,19463,18.07922,107654
2162,awalker125,1,0.00093,19464,18.08015,107654
2163,awcchungster,1,0.00093,19465,18.08107,107654
2164,aweris,1,0.00093,19466,18.08200,107654
2165,awezome,1,0.00093,19467,18.08293,107654
2166,awiesner4,1,0.00093,19468,18.08386,107654
2167,ayushi-inno,1,0.00093,19469,18.08479,107654
2168,BalkrishanAggarwal,1,0.00093,19470,18.08572,107654
2169,bansaltushar92,1,0.00093,19471,18.08665,107654
2170,barakakha,1,0.00093,19472,18.08758,107654
2171,BBerastegui,1,0.00093,19473,18.08851,107654
2172,bbrauzzi,1,0.00093,19474,18.08943,107654
2173,bensusman,1,0.00093,19475,18.09036,107654
2174,bgh,1,0.00093,19476,18.09129,107654
2175,BhaRgav-MoRadiya,1,0.00093,19477,18.09222,107654
2176,bharthi31,1,0.00093,19478,18.09315,107654
2177,Bhashit,1,0.00093,19479,18.09408,107654
2178,BiggA94,1,0.00093,19480,18.09501,107654
2179,bin-chen-techlabs,1,0.00093,19481,18.09594,107654
2180,binnie268,1,0.00093,19482,18.09687,107654
2181,bitdiscovery,1,0.00093,19483,18.09779,107654
2182,bitva77,1,0.00093,19484,18.09872,107654
2183,blacksd,1,0.00093,19485,18.09965,107654
2184,blake-newman,1,0.00093,19486,18.10058,107654
2185,bloudman,1,0.00093,19487,18.10151,107654
2186,bmartima,1,0.00093,19488,18.10244,107654
2187,bobbyvacco,1,0.00093,19489,18.10337,107654
2188,BobClaerhout,1,0.00093,19490,18.10430,107654
2189,BoOgatti,1,0.00093,19491,18.10523,107654
2190,boolafish,1,0.00093,19492,18.10615,107654
2191,boombard,1,0.00093,19493,18.10708,107654
2192,borzozoo,1,0.00093,19494,18.10801,107654
2193,boukandouramhamed,1,0.00093,19495,18.10894,107654
2194,bplotnick-humane,1,0.00093,19496,18.10987,107654
2195,bravecobra,1,0.00093,19497,18.11080,107654
2196,brayanjuls,1,0.00093,19498,18.11173,107654
2197,brentnk,1,0.00093,19499,18.11266,107654
2198,BrookRoberts,1,0.00093,19500,18.11359,107654
2199,brunda27anaji,1,0.00093,19501,18.11452,107654
2200,bryanrideshark,1,0.00093,19502,18.11544,107654
2201,bryonwinger,1,0.00093,19503,18.11637,107654
2202,bstascavage,1,0.00093,19504,18.11730,107654
2203,btlyken,1,0.00093,19505,18.11823,107654
2204,burntangel,1,0.00093,19506,18.11916,107654
2205,bzlom,1,0.00093,19507,18.12009,107654
2206,caiobegotti,1,0.00093,19508,18.12102,107654
2207,camilocot,1,0.00093,19509,18.12195,107654
2208,Capr1sna,1,0.00093,19510,18.12288,107654
2209,category,1,0.00093,19511,18.12380,107654
2210,catfalls,1,0.00093,19512,18.12473,107654
2211,catweisun,1,0.00093,19513,18.12566,107654
2212,cbishopvelti,1,0.00093,19514,18.12659,107654
2213,cedricboesiger,1,0.00093,19515,18.12752,107654
2214,cfarrend,1,0.00093,19516,18.12845,107654
2215,CFR0901,1,0.00093,19517,18.12938,107654
2216,cgetzen,1,0.00093,19518,18.13031,107654
2217,cguertin14,1,0.00093,19519,18.13124,107654
2218,charandas,1,0.00093,19520,18.13216,107654
2219,charlesguo404,1,0.00093,19521,18.13309,107654
2220,chaserogers,1,0.00093,19522,18.13402,107654
2221,chazguerrero,1,0.00093,19523,18.13495,107654
2222,cheddarwhizzy,1,0.00093,19524,18.13588,107654
2223,chicco785,1,0.00093,19525,18.13681,107654
2224,ChillinSpines666,1,0.00093,19526,18.13774,107654
2225,chmit,1,0.00093,19527,18.13867,107654
2226,chris-downs,1,0.00093,19528,18.13960,107654
2227,chruzie,1,0.00093,19529,18.14052,107654
2228,ciiiii,1,0.00093,19530,18.14145,107654
2229,ckannon,1,0.00093,19531,18.14238,107654
2230,ckocyigit,1,0.00093,19532,18.14331,107654
2231,clearclaw,1,0.00093,19533,18.14424,107654
2232,clydevassallo,1,0.00093,19534,18.14517,107654
2233,cm0s,1,0.00093,19535,18.14610,107654
2234,cmriprocan,1,0.00093,19536,18.14703,107654
2235,codeBehindMe,1,0.00093,19537,18.14796,107654
2236,codemug,1,0.00093,19538,18.14888,107654
2237,CoderPoet,1,0.00093,19539,18.14981,107654
2238,conhumi,1,0.00093,19540,18.15074,107654
2239,conorcurlett,1,0.00093,19541,18.15167,107654
2240,corestackdev,1,0.00093,19542,18.15260,107654
2241,corybreed,1,0.00093,19543,18.15353,107654
2242,covidium,1,0.00093,19544,18.15446,107654
2243,cr4zy-C,1,0.00093,19545,18.15539,107654
2244,crabulik,1,0.00093,19546,18.15632,107654
2245,crevillo,1,0.00093,19547,18.15724,107654
2246,criescrisis,1,0.00093,19548,18.15817,107654
2247,cten,1,0.00093,19549,18.15910,107654
2248,Cuball0,1,0.00093,19550,18.16003,107654
2249,cyang49,1,0.00093,19551,18.16096,107654
2250,cyril-corbon,1,0.00093,19552,18.16189,107654
2251,d4l3k,1,0.00093,19553,18.16282,107654
2252,dag-gitfocus,1,0.00093,19554,18.16375,107654
2253,daisuke-yoshimoto,1,0.00093,19555,18.16468,107654
2254,danbirle,1,0.00093,19556,18.16560,107654
2255,DanieleSassoli,1,0.00093,19557,18.16653,107654
2256,danielwindit,1,0.00093,19558,18.16746,107654
2257,danielzheng,1,0.00093,19559,18.16839,107654
2258,dark-solace,1,0.00093,19560,18.16932,107654
2259,datacticapertti,1,0.00093,19561,18.17025,107654
2260,Dav1dde,1,0.00093,19562,18.17118,107654
2261,davejhahn,1,0.00093,19563,18.17211,107654
2262,DavidDaskalo,1,0.00093,19564,18.17304,107654
2263,davidghiurco,1,0.00093,19565,18.17396,107654
2264,davidkulak,1,0.00093,19566,18.17489,107654
2265,david-l-riley,1,0.00093,19567,18.17582,107654
2266,Davidott4,1,0.00093,19568,18.17675,107654
2267,davidpelfree,1,0.00093,19569,18.17768,107654
2268,dbeckham,1,0.00093,19570,18.17861,107654
2269,dcd000,1,0.00093,19571,18.17954,107654
2270,dcharbonnier,1,0.00093,19572,18.18047,107654
2271,dcieslak19973,1,0.00093,19573,18.18140,107654
2272,dcioccarelli,1,0.00093,19574,18.18232,107654
2273,dcu,1,0.00093,19575,18.18325,107654
2274,ddonnen,1,0.00093,19576,18.18418,107654
2275,delucca,1,0.00093,19577,18.18511,107654
2276,denisrohr,1,0.00093,19578,18.18604,107654
2277,depeele,1,0.00093,19579,18.18697,107654
2278,derekahn,1,0.00093,19580,18.18790,107654
2279,derjust,1,0.00093,19581,18.18883,107654
2280,deromemont,1,0.00093,19582,18.18976,107654
2281,dgreene1,1,0.00093,19583,18.19068,107654
2282,DhanashriPalodkar,1,0.00093,19584,18.19161,107654
2283,dharmaanu12,1,0.00093,19585,18.19254,107654
2284,dhnukem,1,0.00093,19586,18.19347,107654
2285,diegoNutmeg,1,0.00093,19587,18.19440,107654
2286,dienstfuchs,1,0.00093,19588,18.19533,107654
2287,dimoes,1,0.00093,19589,18.19626,107654
2288,dineshpatilcloud,1,0.00093,19590,18.19719,107654
2289,dingdayu,1,0.00093,19591,18.19812,107654
2290,dj-hedgehog,1,0.00093,19592,18.19905,107654
2291,djworth,1,0.00093,19593,18.19997,107654
2292,dlecina,1,0.00093,19594,18.20090,107654
2293,dnd,1,0.00093,19595,18.20183,107654
2294,dnenkov,1,0.00093,19596,18.20276,107654
2295,donaldgifford,1,0.00093,19597,18.20369,107654
2296,don-attilio,1,0.00093,19598,18.20462,107654
2297,dongchang-xu,1,0.00093,19599,18.20555,107654
2298,donpinkster,1,0.00093,19600,18.20648,107654
2299,dotbalo,1,0.00093,19601,18.20741,107654
2300,DoumLaberge,1,0.00093,19602,18.20833,107654
2301,Doxicy,1,0.00093,19603,18.20926,107654
2302,dpadhiar,1,0.00093,19604,18.21019,107654
2303,dplusic,1,0.00093,19605,18.21112,107654
2304,dpwhittaker,1,0.00093,19606,18.21205,107654
2305,dratler,1,0.00093,19607,18.21298,107654
2306,drduker,1,0.00093,19608,18.21391,107654
2307,druyang,1,0.00093,19609,18.21484,107654
2308,dr-zeta,1,0.00093,19610,18.21577,107654
2309,dsanchor,1,0.00093,19611,18.21669,107654
2310,dshatohin,1,0.00093,19612,18.21762,107654
2311,duyngle,1,0.00093,19613,18.21855,107654
2312,dvcanton,1,0.00093,19614,18.21948,107654
2313,dvelitchkov,1,0.00093,19615,18.22041,107654
2314,dwalker-va,1,0.00093,19616,18.22134,107654
2315,dylanyht,1,0.00093,19617,18.22227,107654
2316,ecout,1,0.00093,19618,18.22320,107654
2317,edeediong,1,0.00093,19619,18.22413,107654
2318,edeliot-fr,1,0.00093,19620,18.22505,107654
2319,edersonbadeca,1,0.00093,19621,18.22598,107654
2320,edgarkz,1,0.00093,19622,18.22691,107654
2321,eduranf,1,0.00093,19623,18.22784,107654
2322,edw013,1,0.00093,19624,18.22877,107654
2323,effigies,1,0.00093,19625,18.22970,107654
2324,einret,1,0.00093,19626,18.23063,107654
2325,Elaine-LiWu,1,0.00093,19627,18.23156,107654
2326,elee-ax,1,0.00093,19628,18.23249,107654
2327,elg0ch0,1,0.00093,19629,18.23341,107654
2328,elnemesisdivina,1,0.00093,19630,18.23434,107654
2329,engineater,1,0.00093,19631,18.23527,107654
2330,engineerakki,1,0.00093,19632,18.23620,107654
2331,enyachoke,1,0.00093,19633,18.23713,107654
2332,ephemeral,1,0.00093,19634,18.23806,107654
2333,epk,1,0.00093,19635,18.23899,107654
2334,eranilkrsharma,1,0.00093,19636,18.23992,107654
2335,ErezAlster,1,0.00093,19637,18.24085,107654
2336,erfangc,1,0.00093,19638,18.24177,107654
2337,Eric-Fontana-Tjx,1,0.00093,19639,18.24270,107654
2338,eric-intuit,1,0.00093,19640,18.24363,107654
2339,eshaffer321,1,0.00093,19641,18.24456,107654
2340,ethron123,1,0.00093,19642,18.24549,107654
2341,EugeneLugovtsov,1,0.00093,19643,18.24642,107654
2342,evenh,1,0.00093,19644,18.24735,107654
2343,evetion,1,0.00093,19645,18.24828,107654
2344,evgmoskalenko,1,0.00093,19646,18.24921,107654
2345,exdx,1,0.00093,19647,18.25013,107654
2346,fabianmet,1,0.00093,19648,18.25106,107654
2347,fallard84,1,0.00093,19649,18.25199,107654
2348,farrajota,1,0.00093,19650,18.25292,107654
2349,fatkun,1,0.00093,19651,18.25385,107654
2350,fbaier-fn,1,0.00093,19652,18.25478,107654
2351,fchenTelus,1,0.00093,19653,18.25571,107654
2352,fckbo,1,0.00093,19654,18.25664,107654
2353,fdebuire,1,0.00093,19655,18.25757,107654
2354,felipegfalcao,1,0.00093,19656,18.25849,107654
2355,FernFerret,1,0.00093,19657,18.25942,107654
2356,fewkso,1,0.00093,19658,18.26035,107654
2357,ffred1962,1,0.00093,19659,18.26128,107654
2358,fiendish,1,0.00093,19660,18.26221,107654
2359,fjudith,1,0.00093,19661,18.26314,107654
2360,flassagn,1,0.00093,19662,18.26407,107654
2361,forestm,1,0.00093,19663,18.26500,107654
2362,fr4nkR,1,0.00093,19664,18.26593,107654
2363,francnascimento,1,0.00093,19665,18.26685,107654
2364,frankvandekerkhof,1,0.00093,19666,18.26778,107654
2365,franza73,1,0.00093,19667,18.26871,107654
2366,fredcb,1,0.00093,19668,18.26964,107654
2367,FredM,1,0.00093,19669,18.27057,107654
2368,frejonb,1,0.00093,19670,18.27150,107654
2369,Frintrop,1,0.00093,19671,18.27243,107654
2370,frossie,1,0.00093,19672,18.27336,107654
2371,frostebite,1,0.00093,19673,18.27429,107654
2372,frozeNinK,1,0.00093,19674,18.27522,107654
2373,frs3,1,0.00093,19675,18.27614,107654
2374,fr-ser,1,0.00093,19676,18.27707,107654
2375,fuesec,1,0.00093,19677,18.27800,107654
2376,g13013,1,0.00093,19678,18.27893,107654
2377,g8081,1,0.00093,19679,18.27986,107654
2378,gaborfinta,1,0.00093,19680,18.28079,107654
2379,gabrielJoergArz,1,0.00093,19681,18.28172,107654
2380,gabrilabs75,1,0.00093,19682,18.28265,107654
2381,gaoshuai2020,1,0.00093,19683,18.28358,107654
2382,GaruGaru,1,0.00093,19684,18.28450,107654
2383,geekflyer,1,0.00093,19685,18.28543,107654
2384,Geethree,1,0.00093,19686,18.28636,107654
2385,genchsusu,1,0.00093,19687,18.28729,107654
2386,geneccx,1,0.00093,19688,18.28822,107654
2387,geofflamrock,1,0.00093,19689,18.28915,107654
2388,georgepaoli,1,0.00093,19690,18.29008,107654
2389,georgevella,1,0.00093,19691,18.29101,107654
2390,GiantToast,1,0.00093,19692,18.29194,107654
2391,g-io,1,0.00093,19693,18.29286,107654
2392,giorgian,1,0.00093,19694,18.29379,107654
2393,girishrao,1,0.00093,19695,18.29472,107654
2394,githubczy,1,0.00093,19696,18.29565,107654
2395,Gknoblau,1,0.00093,19697,18.29658,107654
2396,glhdavenport,1,0.00093,19698,18.29751,107654
2397,Gman54,1,0.00093,19699,18.29844,107654
2398,gmoshiko,1,0.00093,19700,18.29937,107654
2399,gnieser,1,0.00093,19701,18.30030,107654
2400,godleon,1,0.00093,19702,18.30122,107654
2401,GodSpeedXI,1,0.00093,19703,18.30215,107654
2402,GolubevV,1,0.00093,19704,18.30308,107654
2403,gonzalodiaz,1,0.00093,19705,18.30401,107654
2404,goodskillprogramer,1,0.00093,19706,18.30494,107654
2405,goooogs,1,0.00093,19707,18.30587,107654
2406,gordancso,1,0.00093,19708,18.30680,107654
2407,gorkemozlu,1,0.00093,19709,18.30773,107654
2408,gpkc,1,0.00093,19710,18.30866,107654
2409,GrataHonoria,1,0.00093,19711,18.30958,107654
2410,greenkiwi,1,0.00093,19712,18.31051,107654
2411,gresco,1,0.00093,19713,18.31144,107654
2412,greysteil,1,0.00093,19714,18.31237,107654
2413,grischa,1,0.00093,19715,18.31330,107654
2414,gruppferi,1,0.00093,19716,18.31423,107654
2415,g-s-m,1,0.00093,19717,18.31516,107654
2416,GTB3NW,1,0.00093,19718,18.31609,107654
2417,Guchin,1,0.00093,19719,18.31702,107654
2418,guhcampos,1,0.00093,19720,18.31794,107654
2419,guillaume-roland-cd,1,0.00093,19721,18.31887,107654
2420,H3rman8,1,0.00093,19722,18.31980,107654
2421,halilkaya,1,0.00093,19723,18.32073,107654
2422,hamptonsmith,1,0.00093,19724,18.32166,107654
2423,haq204,1,0.00093,19725,18.32259,107654
2424,Hariharasuthan99,1,0.00093,19726,18.32352,107654
2425,harikalyank,1,0.00093,19727,18.32445,107654
2426,harishyarlagaddas,1,0.00093,19728,18.32538,107654
2427,harryleesan,1,0.00093,19729,18.32630,107654
2428,harshnova,1,0.00093,19730,18.32723,107654
2429,HassanOuda,1,0.00093,19731,18.32816,107654
2430,Havilland,1,0.00093,19732,18.32909,107654
2431,haymh,1,0.00093,19733,18.33002,107654
2432,henrik-koren,1,0.00093,19734,18.33095,107654
2433,henriquesobral,1,0.00093,19735,18.33188,107654
2434,henrymori-pepsico,1,0.00093,19736,18.33281,107654
2435,hikoz,1,0.00093,19737,18.33374,107654
2436,himanshu1380,1,0.00093,19738,18.33466,107654
2437,himberjack,1,0.00093,19739,18.33559,107654
2438,hjanuschka,1,0.00093,19740,18.33652,107654
2439,hjorth,1,0.00093,19741,18.33745,107654
2440,hoantran3108,1,0.00093,19742,18.33838,107654
2441,holinnn,1,0.00093,19743,18.33931,107654
2442,homme,1,0.00093,19744,18.34024,107654
2443,hsezhiyan,1,0.00093,19745,18.34117,107654
2444,HugoS99,1,0.00093,19746,18.34210,107654
2445,hychrisli,1,0.00093,19747,18.34302,107654
2446,I327358,1,0.00093,19748,18.34395,107654
2447,iamcc,1,0.00093,19749,18.34488,107654
2448,iamzhangyong,1,0.00093,19750,18.34581,107654
2449,iAnomaly,1,0.00093,19751,18.34674,107654
2450,illeatmyhat,1,0.00093,19752,18.34767,107654
2451,illum8,1,0.00093,19753,18.34860,107654
2452,inafis,1,0.00093,19754,18.34953,107654
2453,indu-subbaraj,1,0.00093,19755,18.35046,107654
2454,infa-mperiasa,1,0.00093,19756,18.35138,107654
2455,IngoS11,1,0.00093,19757,18.35231,107654
2456,insanemal,1,0.00093,19758,18.35324,107654
2457,iorlov1,1,0.00093,19759,18.35417,107654
2458,irees,1,0.00093,19760,18.35510,107654
2459,ironashram,1,0.00093,19761,18.35603,107654
2460,ironreality,1,0.00093,19762,18.35696,107654
2461,irupasingh,1,0.00093,19763,18.35789,107654
2462,i-sabo,1,0.00093,19764,18.35882,107654
2463,isena,1,0.00093,19765,18.35975,107654
2464,ivanamat,1,0.00093,19766,18.36067,107654
2465,ivanovaleksandar,1,0.00093,19767,18.36160,107654
2466,ivanov-aleksander,1,0.00093,19768,18.36253,107654
2467,Ivan-Zhu,1,0.00093,19769,18.36346,107654
2468,jabf0923,1,0.00093,19770,18.36439,107654
2469,jabz-eks,1,0.00093,19771,18.36532,107654
2470,JackaDu,1,0.00093,19772,18.36625,107654
2471,jackcaldwell,1,0.00093,19773,18.36718,107654
2472,jackmahoney,1,0.00093,19774,18.36811,107654
2473,jacobscunn07,1,0.00093,19775,18.36903,107654
2474,JaehoonHyun,1,0.00093,19776,18.36996,107654
2475,jajjg,1,0.00093,19777,18.37089,107654
2476,JakeColor,1,0.00093,19778,18.37182,107654
2477,jaketsuyemura,1,0.00093,19779,18.37275,107654
2478,jamborta,1,0.00093,19780,18.37368,107654
2479,jamesmmchugh,1,0.00093,19781,18.37461,107654
2480,james-nduka,1,0.00093,19782,18.37554,107654
2481,jamiewri,1,0.00093,19783,18.37647,107654
2482,jamylak,1,0.00093,19784,18.37739,107654
2483,janbrunrasmussen,1,0.00093,19785,18.37832,107654
2484,jangold-miovision,1,0.00093,19786,18.37925,107654
2485,jansony1,1,0.00093,19787,18.38018,107654
2486,jared-dtg,1,0.00093,19788,18.38111,107654
2487,jasonbarbee,1,0.00093,19789,18.38204,107654
2488,JasonKAls,1,0.00093,19790,18.38297,107654
2489,jasonsattler,1,0.00093,19791,18.38390,107654
2490,Jasvinder-aulakh,1,0.00093,19792,18.38483,107654
2491,JavascriptMick,1,0.00093,19793,18.38575,107654
2492,javiermmenendez,1,0.00093,19794,18.38668,107654
2493,jaxels10,1,0.00093,19795,18.38761,107654
2494,jay-lee-otsk,1,0.00093,19796,18.38854,107654
2495,jayrmehta,1,0.00093,19797,18.38947,107654
2496,JayThomason,1,0.00093,19798,18.39040,107654
2497,jbaez,1,0.00093,19799,18.39133,107654
2498,jbaojunior,1,0.00093,19800,18.39226,107654
2499,jbartlet,1,0.00093,19801,18.39319,107654
2500,jbielick,1,0.00093,19802,18.39411,107654
2501,jbogp,1,0.00093,19803,18.39504,107654
2502,jclanoe,1,0.00093,19804,18.39597,107654
2503,jcooklin,1,0.00093,19805,18.39690,107654
2504,jdamour98,1,0.00093,19806,18.39783,107654
2505,jdclarke5,1,0.00093,19807,18.39876,107654
2506,jdkhong,1,0.00093,19808,18.39969,107654
2507,Jeganjohn,1,0.00093,19809,18.40062,107654
2508,jelther,1,0.00093,19810,18.40155,107654
2509,jengo,1,0.00093,19811,18.40247,107654
2510,jeremyhermann,1,0.00093,19812,18.40340,107654
2511,jeroenmaas,1,0.00093,19813,18.40433,107654
2512,jerryhu1234,1,0.00093,19814,18.40526,107654
2513,jezumbro,1,0.00093,19815,18.40619,107654
2514,jfroment,1,0.00093,19816,18.40712,107654
2515,jgbiii,1,0.00093,19817,18.40805,107654
2516,jgericke,1,0.00093,19818,18.40898,107654
2517,jgibson2,1,0.00093,19819,18.40991,107654
2518,jgoldfar,1,0.00093,19820,18.41083,107654
2519,jgquach3,1,0.00093,19821,18.41176,107654
2520,jgradyntst,1,0.00093,19822,18.41269,107654
2521,jhenriquez,1,0.00093,19823,18.41362,107654
2522,jiaranda,1,0.00093,19824,18.41455,107654
2523,JihadMotii-REISys,1,0.00093,19825,18.41548,107654
2524,jilan804,1,0.00093,19826,18.41641,107654
2525,jimdickinson,1,0.00093,19827,18.41734,107654
2526,jim-leary,1,0.00093,19828,18.41827,107654
2527,jiraguha,1,0.00093,19829,18.41919,107654
2528,jjdiazgarcia,1,0.00093,19830,18.42012,107654
2529,jjsentian,1,0.00093,19831,18.42105,107654
2530,jkgeyti,1,0.00093,19832,18.42198,107654
2531,jli,1,0.00093,19833,18.42291,107654
2532,jmansardt,1,0.00093,19834,18.42384,107654
2533,jmatis-bullhorn,1,0.00093,19835,18.42477,107654
2534,jmclean-starburst,1,0.00093,19836,18.42570,107654
2535,jonanderson10,1,0.00093,19837,18.42663,107654
2536,Jonas18175,1,0.00093,19838,18.42755,107654
2537,jonathonbattista,1,0.00093,19839,18.42848,107654
2538,jondlm,1,0.00093,19840,18.42941,107654
2539,jorik,1,0.00093,19841,18.43034,107654
2540,josericardomcastro,1,0.00093,19842,18.43127,107654
2541,joshdwads,1,0.00093,19843,18.43220,107654
2542,joshm91,1,0.00093,19844,18.43313,107654
2543,JoshRagem,1,0.00093,19845,18.43406,107654
2544,joshuasimon-taulia,1,0.00093,19846,18.43499,107654
2545,jowko,1,0.00093,19847,18.43592,107654
2546,jowparks,1,0.00093,19848,18.43684,107654
2547,joyme123,1,0.00093,19849,18.43777,107654
2548,jpbelangerupgrade,1,0.00093,19850,18.43870,107654
2549,jpertejo,1,0.00093,19851,18.43963,107654
2550,jpke,1,0.00093,19852,18.44056,107654
2551,jresoort,1,0.00093,19853,18.44149,107654
2552,jribmartins,1,0.00093,19854,18.44242,107654
2553,jrkt,1,0.00093,19855,18.44335,107654
2554,jsato8094,1,0.00093,19856,18.44428,107654
2555,jseriff,1,0.00093,19857,18.44520,107654
2556,jshields-te,1,0.00093,19858,18.44613,107654
2557,jsonmp-k8,1,0.00093,19859,18.44706,107654
2558,JTarball,1,0.00093,19860,18.44799,107654
2559,jtcarnes,1,0.00093,19861,18.44892,107654
2560,juanchristensen,1,0.00093,19862,18.44985,107654
2561,judexzhu,1,0.00093,19863,18.45078,107654
2562,juliohm1978,1,0.00093,19864,18.45171,107654
2563,justinb100,1,0.00093,19865,18.45264,107654
2564,justinfx,1,0.00093,19866,18.45356,107654
2565,justin-watkinson-sp,1,0.00093,19867,18.45449,107654
2566,jvaibhav123,1,0.00093,19868,18.45542,107654
2567,jyyoo0530,1,0.00093,19869,18.45635,107654
2568,kaiyou,1,0.00093,19870,18.45728,107654
2569,kamal94,1,0.00093,19871,18.45821,107654
2570,Kamforka,1,0.00093,19872,18.45914,107654
2571,kanavpeer,1,0.00093,19873,18.46007,107654
2572,kangtiann,1,0.00093,19874,18.46100,107654
2573,kanwalnainsingh,1,0.00093,19875,18.46192,107654
2574,karlcow,1,0.00093,19876,18.46285,107654
2575,karthiknannapaneni,1,0.00093,19877,18.46378,107654
2576,Karukas,1,0.00093,19878,18.46471,107654
2577,kavishdahekar,1,0.00093,19879,18.46564,107654
2578,kazysgurskas,1,0.00093,19880,18.46657,107654
2579,kcheemz,1,0.00093,19881,18.46750,107654
2580,kchitrapu,1,0.00093,19882,18.46843,107654
2581,keirlawson,1,0.00093,19883,18.46936,107654
2582,keithchester,1,0.00093,19884,18.47028,107654
2583,kemvoueric,1,0.00093,19885,18.47121,107654
2584,Keralin,1,0.00093,19886,18.47214,107654
2585,Keramblock,1,0.00093,19887,18.47307,107654
2586,KevinGG,1,0.00093,19888,18.47400,107654
2587,kevinheins,1,0.00093,19889,18.47493,107654
2588,kevinnoel-be,1,0.00093,19890,18.47586,107654
2589,kevinpauli,1,0.00093,19891,18.47679,107654
2590,keylowgee,1,0.00093,19892,18.47772,107654
2591,kg6zgj,1,0.00093,19893,18.47864,107654
2592,kgonyon,1,0.00093,19894,18.47957,107654
2593,khaledkbadr,1,0.00093,19895,18.48050,107654
2594,kheraud,1,0.00093,19896,18.48143,107654
2595,khewling,1,0.00093,19897,18.48236,107654
2596,ki-ichino,1,0.00093,19898,18.48329,107654
2597,killsto,1,0.00093,19899,18.48422,107654
2598,kindermoumoute,1,0.00093,19900,18.48515,107654
2599,kingjpc,1,0.00093,19901,18.48608,107654
2600,kintarowins,1,0.00093,19902,18.48700,107654
2601,KiralyOr,1,0.00093,19903,18.48793,107654
2602,kirgene,1,0.00093,19904,18.48886,107654
2603,kirinnee,1,0.00093,19905,18.48979,107654
2604,kishorenc,1,0.00093,19906,18.49072,107654
2605,kishor-git,1,0.00093,19907,18.49165,107654
2606,klamkma,1,0.00093,19908,18.49258,107654
2607,klaus1534,1,0.00093,19909,18.49351,107654
2608,klausroo,1,0.00093,19910,18.49444,107654
2609,k-mitevski,1,0.00093,19911,18.49536,107654
2610,kodelint,1,0.00093,19912,18.49629,107654
2611,KonKube,1,0.00093,19913,18.49722,107654
2612,Konmoron,1,0.00093,19914,18.49815,107654
2613,konokimo,1,0.00093,19915,18.49908,107654
2614,konorlevich,1,0.00093,19916,18.50001,107654
2615,kounoike,1,0.00093,19917,18.50094,107654
2616,krep-dr,1,0.00093,19918,18.50187,107654
2617,krinskyj,1,0.00093,19919,18.50280,107654
2618,kristofferlundberg,1,0.00093,19920,18.50372,107654
2619,kronik22,1,0.00093,19921,18.50465,107654
2620,ks4225,1,0.00093,19922,18.50558,107654
2621,ksaio,1,0.00093,19923,18.50651,107654
2622,kthakkar100,1,0.00093,19924,18.50744,107654
2623,ktjooho,1,0.00093,19925,18.50837,107654
2624,kuburoman,1,0.00093,19926,18.50930,107654
2625,kumarprd,1,0.00093,19927,18.51023,107654
2626,kurtfunai,1,0.00093,19928,18.51116,107654
2627,Kvark1205,1,0.00093,19929,18.51209,107654
2628,kxr,1,0.00093,19930,18.51301,107654
2629,Ladorie,1,0.00093,19931,18.51394,107654
2630,LarsAC,1,0.00093,19932,18.51487,107654
2631,larstiq,1,0.00093,19933,18.51580,107654
2632,larswirzenius,1,0.00093,19934,18.51673,107654
2633,laserb,1,0.00093,19935,18.51766,107654
2634,laubosslink,1,0.00093,19936,18.51859,107654
2635,laurentguilbert,1,0.00093,19937,18.51952,107654
2636,lautou,1,0.00093,19938,18.52045,107654
2637,lavanyachennupati,1,0.00093,19939,18.52137,107654
2638,lbenedetto,1,0.00093,19940,18.52230,107654
2639,lbjarre,1,0.00093,19941,18.52323,107654
2640,ldbl,1,0.00093,19942,18.52416,107654
2641,LDeemo,1,0.00093,19943,18.52509,107654
2642,ldrygala,1,0.00093,19944,18.52602,107654
2643,lechuk47,1,0.00093,19945,18.52695,107654
2644,legigor,1,0.00093,19946,18.52788,107654
2645,leighton,1,0.00093,19947,18.52881,107654
2646,Leke-Ariyo,1,0.00093,19948,18.52973,107654
2647,leokassio,1,0.00093,19949,18.53066,107654
2648,leokra,1,0.00093,19950,18.53159,107654
2649,LesleyDebes,1,0.00093,19951,18.53252,107654
2650,leventebo,1,0.00093,19952,18.53345,107654
2651,lewijw,1,0.00093,19953,18.53438,107654
2652,lfloeer,1,0.00093,19954,18.53531,107654
2653,lfstm,1,0.00093,19955,18.53624,107654
2654,liafizan,1,0.00093,19956,18.53717,107654
2655,librannk,1,0.00093,19957,18.53809,107654
2656,linax101,1,0.00093,19958,18.53902,107654
2657,lindsaygrace,1,0.00093,19959,18.53995,107654
2658,Linutux,1,0.00093,19960,18.54088,107654
2659,liues1992,1,0.00093,19961,18.54181,107654
2660,liumihust,1,0.00093,19962,18.54274,107654
2661,liviu-costea,1,0.00093,19963,18.54367,107654
2662,llegolas,1,0.00093,19964,18.54460,107654
2663,LminotWM,1,0.00093,19965,18.54553,107654
2664,lnattrass,1,0.00093,19966,18.54645,107654
2665,louiscpalma,1,0.00093,19967,18.54738,107654
2666,lucasces,1,0.00093,19968,18.54831,107654
2667,LucaSoato,1,0.00093,19969,18.54924,107654
2668,lucassha,1,0.00093,19970,18.55017,107654
2669,lucbas,1,0.00093,19971,18.55110,107654
2670,lucheng-wh,1,0.00093,19972,18.55203,107654
2671,luddskunk,1,0.00093,19973,18.55296,107654
2672,lukeFalsina,1,0.00093,19974,18.55389,107654
2673,lukipro,1,0.00093,19975,18.55481,107654
2674,luukrijnbende,1,0.00093,19976,18.55574,107654
2675,Luxas98,1,0.00093,19977,18.55667,107654
2676,lyschoening,1,0.00093,19978,18.55760,107654
2677,lzecca78,1,0.00093,19979,18.55853,107654
2678,M3t0r,1,0.00093,19980,18.55946,107654
2679,maauso,1,0.00093,19981,18.56039,107654
2680,macpoint,1,0.00093,19982,18.56132,107654
2681,madkinsz,1,0.00093,19983,18.56225,107654
2682,MadsHT,1,0.00093,19984,18.56317,107654
2683,magnusaxelqvist,1,0.00093,19985,18.56410,107654
2684,magthe,1,0.00093,19986,18.56503,107654
2685,majian-1987,1,0.00093,19987,18.56596,107654
2686,malaniarpit,1,0.00093,19988,18.56689,107654
2687,malinafong,1,0.00093,19989,18.56782,107654
2688,maltyxx,1,0.00093,19990,18.56875,107654
2689,manasi12345,1,0.00093,19991,18.56968,107654
2690,manfredliuactive,1,0.00093,19992,18.57061,107654
2691,mangokingTW,1,0.00093,19993,18.57153,107654
2692,manhlinh24,1,0.00093,19994,18.57246,107654
2693,marcdomain,1,0.00093,19995,18.57339,107654
2694,marcel-dempers,1,0.00093,19996,18.57432,107654
2695,marcgascon,1,0.00093,19997,18.57525,107654
2696,marcjimz,1,0.00093,19998,18.57618,107654
2697,marct83,1,0.00093,19999,18.57711,107654
2698,mardicas,1,0.00093,20000,18.57804,107654
2699,mariom-consultec,1,0.00093,20001,18.57897,107654
2700,markmclaren,1,0.00093,20002,18.57989,107654
2701,markottaviani,1,0.00093,20003,18.58082,107654
2702,markthebault,1,0.00093,20004,18.58175,107654
2703,marov,1,0.00093,20005,18.58268,107654
2704,martinbeentjes,1,0.00093,20006,18.58361,107654
2705,martindahlswe,1,0.00093,20007,18.58454,107654
2706,martindvds,1,0.00093,20008,18.58547,107654
2707,martinezleoml,1,0.00093,20009,18.58640,107654
2708,masonhensley,1,0.00093,20010,18.58733,107654
2709,masterofkfit,1,0.00093,20011,18.58825,107654
2710,mateimicu,1,0.00093,20012,18.58918,107654
2711,mateusht-ciandt,1,0.00093,20013,18.59011,107654
2712,matheper,1,0.00093,20014,18.59104,107654
2713,matlegit,1,0.00093,20015,18.59197,107654
2714,mattdarwin,1,0.00093,20016,18.59290,107654
2715,MattFellows,1,0.00093,20017,18.59383,107654
2716,matthiasa4,1,0.00093,20018,18.59476,107654
2717,matthisholleville,1,0.00093,20019,18.59569,107654
2718,mattnaides,1,0.00093,20020,18.59662,107654
2719,Matts966,1,0.00093,20021,18.59754,107654
2720,mauro-dellachiesa,1,0.00093,20022,18.59847,107654
2721,Maxweston,1,0.00093,20023,18.59940,107654
2722,mbecca,1,0.00093,20024,18.60033,107654
2723,mbolek,1,0.00093,20025,18.60126,107654
2724,mdreizin,1,0.00093,20026,18.60219,107654
2725,medianick,1,0.00093,20027,18.60312,107654
2726,mediocrematt,1,0.00093,20028,18.60405,107654
2727,melak-cmd,1,0.00093,20029,18.60498,107654
2728,melihme,1,0.00093,20030,18.60590,107654
2729,meshack-mbuvi,1,0.00093,20031,18.60683,107654
2730,metanomi,1,0.00093,20032,18.60776,107654
2731,michaelabbottdeakin,1,0.00093,20033,18.60869,107654
2732,michaeldebouver,1,0.00093,20034,18.60962,107654
2733,MichaelWasher,1,0.00093,20035,18.61055,107654
2734,michaljrk,1,0.00093,20036,18.61148,107654
2735,michielhub,1,0.00093,20037,18.61241,107654
2736,midcontinentcontrols,1,0.00093,20038,18.61334,107654
2737,mikedougherty,1,0.00093,20039,18.61426,107654
2738,mike-goodwin,1,0.00093,20040,18.61519,107654
2739,miletskyi,1,0.00093,20041,18.61612,107654
2740,miltonstrat,1,0.00093,20042,18.61705,107654
2741,mimicode,1,0.00093,20043,18.61798,107654
2742,mirdhyn,1,0.00093,20044,18.61891,107654
2743,mirnal2808,1,0.00093,20045,18.61984,107654
2744,MiteshSharma,1,0.00093,20046,18.62077,107654
2745,mjmonroe,1,0.00093,20047,18.62170,107654
2746,mkjpryor-stfc,1,0.00093,20048,18.62262,107654
2747,mkryva,1,0.00093,20049,18.62355,107654
2748,ml10,1,0.00093,20050,18.62448,107654
2749,mleklund,1,0.00093,20051,18.62541,107654
2750,mm2020-ind,1,0.00093,20052,18.62634,107654
2751,mmaask,1,0.00093,20053,18.62727,107654
2752,mmaggiolo,1,0.00093,20054,18.62820,107654
2753,mmhy2003,1,0.00093,20055,18.62913,107654
2754,MnifR,1,0.00093,20056,18.63006,107654
2755,Moadfinn,1,0.00093,20057,18.63098,107654
2756,mohbilly,1,0.00093,20058,18.63191,107654
2757,momoYB,1,0.00093,20059,18.63284,107654
2758,moosh3,1,0.00093,20060,18.63377,107654
2759,morhook,1,0.00093,20061,18.63470,107654
2760,morimoto-cybozu,1,0.00093,20062,18.63563,107654
2761,mosfet1kg,1,0.00093,20063,18.63656,107654
2762,Moulick,1,0.00093,20064,18.63749,107654
2763,mr-c,1,0.00093,20065,18.63842,107654
2764,mreider,1,0.00093,20066,18.63934,107654
2765,mrm1001,1,0.00093,20067,18.64027,107654
2766,mrysavy,1,0.00093,20068,18.64120,107654
2767,mtchllbrrn,1,0.00093,20069,18.64213,107654
2768,mthoretton,1,0.00093,20070,18.64306,107654
2769,mumutu66,1,0.00093,20071,18.64399,107654
2770,murali198,1,0.00093,20072,18.64492,107654
2771,murcagr,1,0.00093,20073,18.64585,107654
2772,murraymichael,1,0.00093,20074,18.64678,107654
2773,mykidong,1,0.00093,20075,18.64770,107654
2774,n888,1,0.00093,20076,18.64863,107654
2775,nabilm,1,0.00093,20077,18.64956,107654
2776,naimo84,1,0.00093,20078,18.65049,107654
2777,nakfour,1,0.00093,20079,18.65142,107654
2778,nakkoh,1,0.00093,20080,18.65235,107654
2779,nassercarlos19,1,0.00093,20081,18.65328,107654
2780,natalie-elizabeth,1,0.00093,20082,18.65421,107654
2781,natdop,1,0.00093,20083,18.65514,107654
2782,nate-marshall,1,0.00093,20084,18.65606,107654
2783,navi86,1,0.00093,20085,18.65699,107654
2784,ncadou,1,0.00093,20086,18.65792,107654
2785,nebulon42,1,0.00093,20087,18.65885,107654
2786,neuralsandwich,1,0.00093,20088,18.65978,107654
2787,neuromantik33,1,0.00093,20089,18.66071,107654
2788,neuwerld3,1,0.00093,20090,18.66164,107654
2789,nfp007,1,0.00093,20091,18.66257,107654
2790,nicobass86,1,0.00093,20092,18.66350,107654
2791,nicoring,1,0.00093,20093,18.66442,107654
2792,nidhiardent,1,0.00093,20094,18.66535,107654
2793,ninoamine,1,0.00093,20095,18.66628,107654
2794,nipunchawla-bc,1,0.00093,20096,18.66721,107654
2795,nitpum,1,0.00093,20097,18.66814,107654
2796,nkitajim,1,0.00093,20098,18.66907,107654
2797,nnachefski,1,0.00093,20099,18.67000,107654
2798,nnahaliel,1,0.00093,20100,18.67093,107654
2799,NobbZ,1,0.00093,20101,18.67186,107654
2800,NotAndD,1,0.00093,20102,18.67279,107654
2801,notetook,1,0.00093,20103,18.67371,107654
2802,nparfait,1,0.00093,20104,18.67464,107654
2803,nsinha5,1,0.00093,20105,18.67557,107654
2804,ntin90,1,0.00093,20106,18.67650,107654
2805,ntwalibas,1,0.00093,20107,18.67743,107654
2806,nupis-ChristophS,1,0.00093,20108,18.67836,107654
2807,nvthuong1996,1,0.00093,20109,18.67929,107654
2808,nwaistd,1,0.00093,20110,18.68022,107654
2809,nwang92,1,0.00093,20111,18.68115,107654
2810,obiwen,1,0.00093,20112,18.68207,107654
2811,ognjen-it,1,0.00093,20113,18.68300,107654
2812,okapoor,1,0.00093,20114,18.68393,107654
2813,okunc,1,0.00093,20115,18.68486,107654
2814,olesiaMartushkanova,1,0.00093,20116,18.68579,107654
2815,Omenien,1,0.00093,20117,18.68672,107654
2816,onzo-dyk,1,0.00093,20118,18.68765,107654
2817,openbioinfo,1,0.00093,20119,18.68858,107654
2818,Oro,1,0.00093,20120,18.68951,107654
2819,ota-akira,1,0.00093,20121,18.69043,107654
2820,pablofiumara-azumo,1,0.00093,20122,18.69136,107654
2821,padmakumar05,1,0.00093,20123,18.69229,107654
2822,paidem,1,0.00093,20124,18.69322,107654
2823,palamvmw,1,0.00093,20125,18.69415,107654
2824,parrottr,1,0.00093,20126,18.69508,107654
2825,pascalwhoop,1,0.00093,20127,18.69601,107654
2826,pasha-codefresh,1,0.00093,20128,18.69694,107654
2827,PatelParas,1,0.00093,20129,18.69787,107654
2828,patjones,1,0.00093,20130,18.69879,107654
2829,patrickdevivo,1,0.00093,20131,18.69972,107654
2830,patrickstjohn,1,0.00093,20132,18.70065,107654
2831,Patrik-Netent,1,0.00093,20133,18.70158,107654
2832,patst,1,0.00093,20134,18.70251,107654
2833,paulcrecan,1,0.00093,20135,18.70344,107654
2834,PaulFlorea,1,0.00093,20136,18.70437,107654
2835,paulliss,1,0.00093,20137,18.70530,107654
2836,PaulRudin,1,0.00093,20138,18.70623,107654
2837,paulvvuong,1,0.00093,20139,18.70715,107654
2838,pavanfhw,1,0.00093,20140,18.70808,107654
2839,pbaezab,1,0.00093,20141,18.70901,107654
2840,pbebbo,1,0.00093,20142,18.70994,107654
2841,pburgisser,1,0.00093,20143,18.71087,107654
2842,pc-kdholakia,1,0.00093,20144,18.71180,107654
2843,pc-mreeves,1,0.00093,20145,18.71273,107654
2844,pearj,1,0.00093,20146,18.71366,107654
2845,peckeltw,1,0.00093,20147,18.71459,107654
2846,pedrobaeza,1,0.00093,20148,18.71551,107654
2847,peimanja,1,0.00093,20149,18.71644,107654
2848,peng09,1,0.00093,20150,18.71737,107654
2849,perlinger,1,0.00093,20151,18.71830,107654
2850,peterloron,1,0.00093,20152,18.71923,107654
2851,petrepopescu21,1,0.00093,20153,18.72016,107654
2852,petrilaakso,1,0.00093,20154,18.72109,107654
2853,petronius,1,0.00093,20155,18.72202,107654
2854,phantomnat,1,0.00093,20156,18.72295,107654
2855,pheymann,1,0.00093,20157,18.72387,107654
2856,piby180,1,0.00093,20158,18.72480,107654
2857,pinkertonpg,1,0.00093,20159,18.72573,107654
2858,Piroddi,1,0.00093,20160,18.72666,107654
2859,pliutak-nih,1,0.00093,20161,18.72759,107654
2860,plutino,1,0.00093,20162,18.72852,107654
2861,pnip,1,0.00093,20163,18.72945,107654
2862,pn-p,1,0.00093,20164,18.73038,107654
2863,po3rin,1,0.00093,20165,18.73131,107654
2864,poblahblahblah,1,0.00093,20166,18.73223,107654
2865,poltro90,1,0.00093,20167,18.73316,107654
2866,popkirby,1,0.00093,20168,18.73409,107654
2867,Pradyumn-S,1,0.00093,20169,18.73502,107654
2868,pranaypathik,1,0.00093,20170,18.73595,107654
2869,prateekkhera92,1,0.00093,20171,18.73688,107654
2870,predakanga,1,0.00093,20172,18.73781,107654
2871,prestto,1,0.00093,20173,18.73874,107654
2872,privatecloud-username,1,0.00093,20174,18.73967,107654
2873,pr-mu-deploy,1,0.00093,20175,18.74059,107654
2874,psionikangel,1,0.00093,20176,18.74152,107654
2875,Ptyool,1,0.00093,20177,18.74245,107654
2876,puchake,1,0.00093,20178,18.74338,107654
2877,puddinman,1,0.00093,20179,18.74431,107654
2878,pumicerD,1,0.00093,20180,18.74524,107654
2879,purnima995,1,0.00093,20181,18.74617,107654
2880,Purushotham233,1,0.00093,20182,18.74710,107654
2881,pvgbabu,1,0.00093,20183,18.74803,107654
2882,pvlltvk,1,0.00093,20184,18.74895,107654
2883,pyang55,1,0.00093,20185,18.74988,107654
2884,qcastel,1,0.00093,20186,18.75081,107654
2885,qiangshui,1,0.00093,20187,18.75174,107654
2886,qifengz,1,0.00093,20188,18.75267,107654
2887,QuentinLeloire,1,0.00093,20189,18.75360,107654
2888,radcheb,1,0.00093,20190,18.75453,107654
2889,radhouen,1,0.00093,20191,18.75546,107654
2890,radoha,1,0.00093,20192,18.75639,107654
2891,rafilkmp3,1,0.00093,20193,18.75732,107654
2892,rahulroyal924,1,0.00093,20194,18.75824,107654
2893,rainrambler,1,0.00093,20195,18.75917,107654
2894,raiviskrumins,1,0.00093,20196,18.76010,107654
2895,rajneeshbajaj,1,0.00093,20197,18.76103,107654
2896,rakeshr99,1,0.00093,20198,18.76196,107654
2897,ramapalani,1,0.00093,20199,18.76289,107654
2898,ranedk,1,0.00093,20200,18.76382,107654
2899,RappC,1,0.00093,20201,18.76475,107654
2900,raulsh,1,0.00093,20202,18.76568,107654
2901,RaviHari,1,0.00093,20203,18.76660,107654
2902,rayman-g,1,0.00093,20204,18.76753,107654
2903,rbankole,1,0.00093,20205,18.76846,107654
2904,rcasper,1,0.00093,20206,18.76939,107654
2905,rchernobelskiy,1,0.00093,20207,18.77032,107654
2906,realykhong,1,0.00093,20208,18.77125,107654
2907,rebelthor,1,0.00093,20209,18.77218,107654
2908,reguengos,1,0.00093,20210,18.77311,107654
2909,rehevkor5,1,0.00093,20211,18.77404,107654
2910,reinvantveer,1,0.00093,20212,18.77496,107654
2911,Relers,1,0.00093,20213,18.77589,107654
2912,relip,1,0.00093,20214,18.77682,107654
2913,renardguill,1,0.00093,20215,18.77775,107654
2914,rhysemmas,1,0.00093,20216,18.77868,107654
2915,rickdennis,1,0.00093,20217,18.77961,107654
2916,risinger,1,0.00093,20218,18.78054,107654
2917,ritesh1630,1,0.00093,20219,18.78147,107654
2918,rivernews,1,0.00093,20220,18.78240,107654
2919,riveryc,1,0.00093,20221,18.78332,107654
2920,riweston,1,0.00093,20222,18.78425,107654
2921,rmakulov,1,0.00093,20223,18.78518,107654
2922,rmgogogo,1,0.00093,20224,18.78611,107654
2923,Rob4579,1,0.00093,20225,18.78704,107654
2924,robertlagrant,1,0.00093,20226,18.78797,107654
2925,robertoriv,1,0.00093,20227,18.78890,107654
2926,robseidel,1,0.00093,20228,18.78983,107654
2927,roelvdberg,1,0.00093,20229,18.79076,107654
2928,rohankshir,1,0.00093,20230,18.79168,107654
2929,rohithbalaji123,1,0.00093,20231,18.79261,107654
2930,rosskusler,1,0.00093,20232,18.79354,107654
2931,roylee17,1,0.00093,20233,18.79447,107654
2932,rrichardson,1,0.00093,20234,18.79540,107654
2933,rr-sushant-choudhary,1,0.00093,20235,18.79633,107654
2934,rsecob,1,0.00093,20236,18.79726,107654
2935,rsteppac,1,0.00093,20237,18.79819,107654
2936,rsvancara,1,0.00093,20238,18.79912,107654
2937,ruatag,1,0.00093,20239,18.80004,107654
2938,ryanli-me,1,0.00093,20240,18.80097,107654
2939,RyanSiu1995,1,0.00093,20241,18.80190,107654
2940,rzsquirrel,1,0.00093,20242,18.80283,107654
2941,s4mur4i,1,0.00093,20243,18.80376,107654
2942,sa-,1,0.00093,20244,18.80469,107654
2943,saberkan,1,0.00093,20245,18.80562,107654
2944,sachua,1,0.00093,20246,18.80655,107654
2945,sacreman,1,0.00093,20247,18.80748,107654
2946,sagarpreet-chadha,1,0.00093,20248,18.80840,107654
2947,SaigyoujiYuyuko233,1,0.00093,20249,18.80933,107654
2948,sainavya5,1,0.00093,20250,18.81026,107654
2949,saisankargochhayat,1,0.00093,20251,18.81119,107654
2950,sakshi-bansal,1,0.00093,20252,18.81212,107654
2951,samhuss,1,0.00093,20253,18.81305,107654
2952,samuelthan,1,0.00093,20254,18.81398,107654
2953,santinoncs,1,0.00093,20255,18.81491,107654
2954,sanyam1997,1,0.00093,20256,18.81584,107654
2955,sanyu,1,0.00093,20257,18.81676,107654
2956,saprette,1,0.00093,20258,18.81769,107654
2957,sarathmaf,1,0.00093,20259,18.81862,107654
2958,sass1997,1,0.00093,20260,18.81955,107654
2959,sathish-kumar-narayanan,1,0.00093,20261,18.82048,107654
2960,saubaner,1,0.00093,20262,18.82141,107654
2961,schidambaram78,1,0.00093,20263,18.82234,107654
2962,scottcrossen,1,0.00093,20264,18.82327,107654
2963,scurvydoggo,1,0.00093,20265,18.82420,107654
2964,sdmcclain,1,0.00093,20266,18.82512,107654
2965,seangallavan,1,0.00093,20267,18.82605,107654
2966,seanmarpo,1,0.00093,20268,18.82698,107654
2967,seanwalker909,1,0.00093,20269,18.82791,107654
2968,secret104278,1,0.00093,20270,18.82884,107654
2969,seenickcode,1,0.00093,20271,18.82977,107654
2970,Sefriol,1,0.00093,20272,18.83070,107654
2971,seichten,1,0.00093,20273,18.83163,107654
2972,selvamraman,1,0.00093,20274,18.83256,107654
2973,semoac,1,0.00093,20275,18.83349,107654
2974,serain,1,0.00093,20276,18.83441,107654
2975,serenamarie125,1,0.00093,20277,18.83534,107654
2976,sergimrz,1,0.00093,20278,18.83627,107654
2977,sethgrid,1,0.00093,20279,18.83720,107654
2978,seungweonpark,1,0.00093,20280,18.83813,107654
2979,sevberg,1,0.00093,20281,18.83906,107654
2980,sevteen,1,0.00093,20282,18.83999,107654
2981,sfatgc,1,0.00093,20283,18.84092,107654
2982,sfc-gh-jelsesiy,1,0.00093,20284,18.84185,107654
2983,sfc-gh-jkhan,1,0.00093,20285,18.84277,107654
2984,sfc-gh-thardie,1,0.00093,20286,18.84370,107654
2985,sgentile,1,0.00093,20287,18.84463,107654
2986,sgs00,1,0.00093,20288,18.84556,107654
2987,shadowdsp,1,0.00093,20289,18.84649,107654
2988,shahabio,1,0.00093,20290,18.84742,107654
2989,shambhand,1,0.00093,20291,18.84835,107654
2990,shankiflang,1,0.00093,20292,18.84928,107654
2991,shapirus,1,0.00093,20293,18.85021,107654
2992,shaunofneuron,1,0.00093,20294,18.85113,107654
2993,shawntoffel,1,0.00093,20295,18.85206,107654
2994,shaybbigid,1,0.00093,20296,18.85299,107654
2995,shineirvin,1,0.00093,20297,18.85392,107654
2996,shiransky,1,0.00093,20298,18.85485,107654
2997,ShireCiel,1,0.00093,20299,18.85578,107654
2998,shivjm,1,0.00093,20300,18.85671,107654
2999,shivpathak,1,0.00093,20301,18.85764,107654
3000,shreychen,1,0.00093,20302,18.85857,107654
3001,shrivardhan92,1,0.00093,20303,18.85949,107654
3002,shubham25namdeo,1,0.00093,20304,18.86042,107654
3003,shuklashashank,1,0.00093,20305,18.86135,107654
3004,sidiqputra,1,0.00093,20306,18.86228,107654
3005,sidprak,1,0.00093,20307,18.86321,107654
3006,silvin-lubecki,1,0.00093,20308,18.86414,107654
3007,silviu-paunescu,1,0.00093,20309,18.86507,107654
3008,simax,1,0.00093,20310,18.86600,107654
3009,sindhusrinivasan27,1,0.00093,20311,18.86693,107654
3010,siyoo,1,0.00093,20312,18.86785,107654
3011,skuethe,1,0.00093,20313,18.86878,107654
3012,SkylarScaling,1,0.00093,20314,18.86971,107654
3013,sledigabel,1,0.00093,20315,18.87064,107654
3014,SM616,1,0.00093,20316,18.87157,107654
3015,smsilva,1,0.00093,20317,18.87250,107654
3016,sndevops,1,0.00093,20318,18.87343,107654
3017,snoodleboot,1,0.00093,20319,18.87436,107654
3018,soerenmartius,1,0.00093,20320,18.87529,107654
3019,SophiaNamesLiu,1,0.00093,20321,18.87621,107654
3020,souleb,1,0.00093,20322,18.87714,107654
3021,soumochak83,1,0.00093,20323,18.87807,107654
3022,Spamsational,1,0.00093,20324,18.87900,107654
3023,sprinkaan88,1,0.00093,20325,18.87993,107654
3024,sriddell,1,0.00093,20326,18.88086,107654
3025,srinivasraojangiti,1,0.00093,20327,18.88179,107654
3026,sruon,1,0.00093,20328,18.88272,107654
3027,sshishov,1,0.00093,20329,18.88365,107654
3028,sskazr,1,0.00093,20330,18.88457,107654
3029,stefankraus-wf,1,0.00093,20331,18.88550,107654
3030,Stephan3555,1,0.00093,20332,18.88643,107654
3031,stephanschielke,1,0.00093,20333,18.88736,107654
3032,stephenrob,1,0.00093,20334,18.88829,107654
3033,stevecrozz,1,0.00093,20335,18.88922,107654
3034,steve-dtg,1,0.00093,20336,18.89015,107654
3035,strangemonad-faire,1,0.00093,20337,18.89108,107654
3036,strump,1,0.00093,20338,18.89201,107654
3037,stsang-intuit,1,0.00093,20339,18.89293,107654
3038,sudivate,1,0.00093,20340,18.89386,107654
3039,suenchunyu,1,0.00093,20341,18.89479,107654
3040,suhasgaddam-trueaccord,1,0.00093,20342,18.89572,107654
3041,suibh,1,0.00093,20343,18.89665,107654
3042,sundbing,1,0.00093,20344,18.89758,107654
3043,sundowndev,1,0.00093,20345,18.89851,107654
3044,sunil-b,1,0.00093,20346,18.89944,107654
3045,sunilnandihalli,1,0.00093,20347,18.90037,107654
3046,sunnoy,1,0.00093,20348,18.90129,107654
3047,supernova2468,1,0.00093,20349,18.90222,107654
3048,suraj2410,1,0.00093,20350,18.90315,107654
3049,surj-bains,1,0.00093,20351,18.90408,107654
3050,surmabck,1,0.00093,20352,18.90501,107654
3051,susmitaganguli,1,0.00093,20353,18.90594,107654
3052,SwagBucks123,1,0.00093,20354,18.90687,107654
3053,SwarlsBarkley01,1,0.00093,20355,18.90780,107654
3054,sxmon,1,0.00093,20356,18.90873,107654
3055,syed-awais-ali,1,0.00093,20357,18.90966,107654
3056,syedshameersarwar,1,0.00093,20358,18.91058,107654
3057,synax,1,0.00093,20359,18.91151,107654
3058,Synehan,1,0.00093,20360,18.91244,107654
3059,synixebrett,1,0.00093,20361,18.91337,107654
3060,sys520084,1,0.00093,20362,18.91430,107654
3061,sysadmind,1,0.00093,20363,18.91523,107654
3062,SystemZ,1,0.00093,20364,18.91616,107654
3063,takata-ast,1,0.00093,20365,18.91709,107654
3064,talebzeghmi,1,0.00093,20366,18.91802,107654
3065,talengels,1,0.00093,20367,18.91894,107654
3066,tamademicheli,1,0.00093,20368,18.91987,107654
3067,tandd1123,1,0.00093,20369,18.92080,107654
3068,tantonescu,1,0.00093,20370,18.92173,107654
3069,tarjintor,1,0.00093,20371,18.92266,107654
3070,tarunpantqb,1,0.00093,20372,18.92359,107654
3071,tastypackets,1,0.00093,20373,18.92452,107654
3072,taybur43,1,0.00093,20374,18.92545,107654
3073,tbasim,1,0.00093,20375,18.92638,107654
3074,TD092854,1,0.00093,20376,18.92730,107654
3075,tedostrem,1,0.00093,20377,18.92823,107654
3076,terry-sm,1,0.00093,20378,18.92916,107654
3077,tevert,1,0.00093,20379,18.93009,107654
3078,tgdfool2,1,0.00093,20380,18.93102,107654
3079,tgermain,1,0.00093,20381,18.93195,107654
3080,Thakurvaibhav,1,0.00093,20382,18.93288,107654
3081,thatsk,1,0.00093,20383,18.93381,107654
3082,thavlik,1,0.00093,20384,18.93474,107654
3083,TheAggressive,1,0.00093,20385,18.93566,107654
3084,theblackturtle,1,0.00093,20386,18.93659,107654
3085,thecooldrop,1,0.00093,20387,18.93752,107654
3086,thenetengineer,1,0.00093,20388,18.93845,107654
3087,ThirtyThirds,1,0.00093,20389,18.93938,107654
3088,Thitve,1,0.00093,20390,18.94031,107654
3089,ThomVivet,1,0.00093,20391,18.94124,107654
3090,TiagoJMartins,1,0.00093,20392,18.94217,107654
3091,tidbits03,1,0.00093,20393,18.94310,107654
3092,tienthanh2509,1,0.00093,20394,18.94402,107654
3093,timactive,1,0.00093,20395,18.94495,107654
3094,timothy-spencer,1,0.00093,20396,18.94588,107654
3095,TimoWillemsen,1,0.00093,20397,18.94681,107654
3096,timvol,1,0.00093,20398,18.94774,107654
3097,tkanters,1,0.00093,20399,18.94867,107654
3098,tkinz27,1,0.00093,20400,18.94960,107654
3099,tmk-hsn,1,0.00093,20401,18.95053,107654
3100,tobiasdenzler,1,0.00093,20402,18.95146,107654
3101,TofuLover718,1,0.00093,20403,18.95238,107654
3102,tomelliot16,1,0.00093,20404,18.95331,107654
3103,tommyJimmy87,1,0.00093,20405,18.95424,107654
3104,tonnyadhi,1,0.00093,20406,18.95517,107654
3105,ToxicWar,1,0.00093,20407,18.95610,107654
3106,toyow,1,0.00093,20408,18.95703,107654
3107,tpengandrew,1,0.00093,20409,18.95796,107654
3108,Trojan295,1,0.00093,20410,18.95889,107654
3109,Trollgeir,1,0.00093,20411,18.95982,107654
3110,trondhindenes,1,0.00093,20412,18.96074,107654
3111,trown,1,0.00093,20413,18.96167,107654
3112,tr-srij,1,0.00093,20414,18.96260,107654
3113,trv-akanse,1,0.00093,20415,18.96353,107654
3114,tsadoklevi,1,0.00093,20416,18.96446,107654
3115,tsadoklf,1,0.00093,20417,18.96539,107654
3116,tsanterre-paypay,1,0.00093,20418,18.96632,107654
3117,tschale,1,0.00093,20419,18.96725,107654
3118,tsobe,1,0.00093,20420,18.96818,107654
3119,ttjohn,1,0.00093,20421,18.96910,107654
3120,tuvovan,1,0.00093,20422,18.97003,107654
3121,tux-o-matic,1,0.00093,20423,18.97096,107654
3122,twalla,1,0.00093,20424,18.97189,107654
3123,tylerbroadbent,1,0.00093,20425,18.97282,107654
3124,ucloud-lee,1,0.00093,20426,18.97375,107654
3125,uhari03,1,0.00093,20427,18.97468,107654
3126,ujjawal-okc,1,0.00093,20428,18.97561,107654
3127,u-quark,1,0.00093,20429,18.97654,107654
3128,v1k7g85,1,0.00093,20430,18.97746,107654
3129,vaibhav-k,1,0.00093,20431,18.97839,107654
3130,vandreykiv,1,0.00093,20432,18.97932,107654
3131,vanniszsu,1,0.00093,20433,18.98025,107654
3132,vanpeltj,1,0.00093,20434,18.98118,107654
3133,varshabhijeet,1,0.00093,20435,18.98211,107654
3134,varunbpatil,1,0.00093,20436,18.98304,107654
3135,vasi-grigo,1,0.00093,20437,18.98397,107654
3136,vbem,1,0.00093,20438,18.98490,107654
3137,vdinesh1990,1,0.00093,20439,18.98582,107654
3138,vdksystem,1,0.00093,20440,18.98675,107654
3139,ventris,1,0.00093,20441,18.98768,107654
3140,v-gu,1,0.00093,20442,18.98861,107654
3141,victorgetz,1,0.00093,20443,18.98954,107654
3142,VictorHiroshi,1,0.00093,20444,18.99047,107654
3143,victorthevong,1,0.00093,20445,18.99140,107654
3144,viggin543,1,0.00093,20446,18.99233,107654
3145,vikvns,1,0.00093,20447,18.99326,107654
3146,vimox-shah,1,0.00093,20448,18.99419,107654
3147,vinaykakade,1,0.00093,20449,18.99511,107654
3148,vinaynaidu07,1,0.00093,20450,18.99604,107654
3149,vineethgopinadhan,1,0.00093,20451,18.99697,107654
3150,virtrixke,1,0.00093,20452,18.99790,107654
3151,vishal-wiai,1,0.00093,20453,18.99883,107654
3152,vito-laurenza-zocdoc,1,0.00093,20454,18.99976,107654
3153,vivekanandg,1,0.00093,20455,19.00069,107654
3154,viveksatasiya,1,0.00093,20456,19.00162,107654
3155,vjove,1,0.00093,20457,19.00255,107654
3156,vksgautam1,1,0.00093,20458,19.00347,107654
3157,vladimirmukhin,1,0.00093,20459,19.00440,107654
3158,vliu18,1,0.00093,20460,19.00533,107654
3159,vmwiz,1,0.00093,20461,19.00626,107654
3160,voglster,1,0.00093,20462,19.00719,107654
3161,vokracko,1,0.00093,20463,19.00812,107654
3162,vortarian,1,0.00093,20464,19.00905,107654
3163,vsantos,1,0.00093,20465,19.00998,107654
3164,vsrisubhash,1,0.00093,20466,19.01091,107654
3165,vstrimaitis,1,0.00093,20467,19.01183,107654
3166,vutbao,1,0.00093,20468,19.01276,107654
3167,vuxuanlai,1,0.00093,20469,19.01369,107654
3168,vvijayv,1,0.00093,20470,19.01462,107654
3169,vvrpradeep,1,0.00093,20471,19.01555,107654
3170,wadejensen,1,0.00093,20472,19.01648,107654
3171,wangli1426,1,0.00093,20473,19.01741,107654
3172,wanglong001,1,0.00093,20474,19.01834,107654
3173,wardyu,1,0.00093,20475,19.01927,107654
3174,warfu,1,0.00093,20476,19.02019,107654
3175,warisp,1,0.00093,20477,19.02112,107654
3176,warunapww,1,0.00093,20478,19.02205,107654
3177,Warvito,1,0.00093,20479,19.02298,107654
3178,waxmittmann,1,0.00093,20480,19.02391,107654
3179,wayne-beep,1,0.00093,20481,19.02484,107654
3180,waynetjes,1,0.00093,20482,19.02577,107654
3181,wenwenxiong,1,0.00093,20483,19.02670,107654
3182,whizard,1,0.00093,20484,19.02763,107654
3183,wiadam,1,0.00093,20485,19.02855,107654
3184,wilalalee,1,0.00093,20486,19.02948,107654
3185,wilddeuces,1,0.00093,20487,19.03041,107654
3186,wiliiwin,1,0.00093,20488,19.03134,107654
3187,willyyang,1,0.00093,20489,19.03227,107654
3188,wilrnh,1,0.00093,20490,19.03320,107654
3189,withnale,1,0.00093,20491,19.03413,107654
3190,wlawton,1,0.00093,20492,19.03506,107654
3191,wll8,1,0.00093,20493,19.03599,107654
3192,wojtek-viirtue,1,0.00093,20494,19.03691,107654
3193,wsbmilk,1,0.00093,20495,19.03784,107654
3194,Wurden,1,0.00093,20496,19.03877,107654
3195,wym42,1,0.00093,20497,19.03970,107654
3196,wyznio,1,0.00093,20498,19.04063,107654
3197,xCASx,1,0.00093,20499,19.04156,107654
3198,xenteros,1,0.00093,20500,19.04249,107654
3199,xgourmandin,1,0.00093,20501,19.04342,107654
3200,XinCai,1,0.00093,20502,19.04435,107654
3201,xingmin860818,1,0.00093,20503,19.04527,107654
3202,xlanor,1,0.00093,20504,19.04620,107654
3203,yalosev,1,0.00093,20505,19.04713,107654
3204,yananielsen,1,0.00093,20506,19.04806,107654
3205,yangyuan6,1,0.00093,20507,19.04899,107654
3206,yanp,1,0.00093,20508,19.04992,107654
3207,yan-zhao-unity,1,0.00093,20509,19.05085,107654
3208,yesitsusername,1,0.00093,20510,19.05178,107654
3209,yhaenggi,1,0.00093,20511,19.05271,107654
3210,yijingzeng,1,0.00093,20512,19.05363,107654
3211,yntelectual,1,0.00093,20513,19.05456,107654
3212,YoogottamK,1,0.00093,20514,19.05549,107654
3213,yoshiya8,1,0.00093,20515,19.05642,107654
3214,youngjoon-lee,1,0.00093,20516,19.05735,107654
3215,youyajie,1,0.00093,20517,19.05828,107654
3216,yuha0,1,0.00093,20518,19.05921,107654
3217,yuriyfilonovooh,1,0.00093,20519,19.06014,107654
3218,yuriylsh,1,0.00093,20520,19.06107,107654
3219,yuvaldrori,1,0.00093,20521,19.06199,107654
3220,yu-yama-sra-airline-erp,1,0.00093,20522,19.06292,107654
3221,zack-johnson5455,1,0.00093,20523,19.06385,107654
3222,zaptim,1,0.00093,20524,19.06478,107654
3223,zcnewt,1,0.00093,20525,19.06571,107654
3224,zeagur,1,0.00093,20526,19.06664,107654
3225,zemiak,1,0.00093,20527,19.06757,107654
3226,zerosym,1,0.00093,20528,19.06850,107654
3227,zfrenchee,1,0.00093,20529,19.06943,107654
3228,zgs225,1,0.00093,20530,19.07036,107654
3229,zhangxiaohao,1,0.00093,20531,19.07128,107654
3230,zhang-xuebin,1,0.00093,20532,19.07221,107654
3231,zhaobei,1,0.00093,20533,19.07314,107654
3232,ZhengRongTan,1,0.00093,20534,19.07407,107654
3233,zhoujinfu,1,0.00093,20535,19.07500,107654
3234,zhubinjqjy,1,0.00093,20536,19.07593,107654
3235,zhxu73,1,0.00093,20537,19.07686,107654
3236,ziimon,1,0.00093,20538,19.07779,107654
3237,ziv-codefresh,1,0.00093,20539,19.07872,107654
3238,zmingxie,1,0.00093,20540,19.07964,107654
3239,zodiac12k,1,0.00093,20541,19.08057,107654
3240,zombispormedio,1,0.00093,20542,19.08150,107654
3241,zsedem,1,0.00093,20543,19.08243,107654
