rank_number,actor,contributions,percent,cumulative_sum,cumulative_percent,all_contributions
1,GordonTheTurtle,457,1.72135,457,1.72135,26549
2,BrianBland,358,1.34845,815,3.06980,26549
3,manishtomar,209,0.78722,1024,3.85702,26549
4,caervs,164,0.61773,1188,4.47474,26549
5,noxiouz,123,0.46329,1311,4.93804,26549
6,aibaars,116,0.43693,1427,5.37497,26549
7,hopkings2008,86,0.32393,1513,5.69890,26549
8,AndreyKostov,71,0.26743,1584,5.96633,26549
9,yuwaMSFT2,70,0.26366,1654,6.22999,26549
10,tt,68,0.25613,1722,6.48612,26549
11,nwt,66,0.24860,1788,6.73472,26549
12,gierschv,57,0.21470,1845,6.94941,26549
13,majewsky,50,0.18833,1895,7.13775,26549
14,brianblandky,41,0.15443,1936,7.29218,26549
15,whoshuu,41,0.15443,1977,7.44661,26549
16,icecrime,39,0.14690,2016,7.59351,26549
17,davidswu,36,0.13560,2052,7.72910,26549
18,djenriquez,35,0.13183,2087,7.86094,26549
19,nevermosby,35,0.13183,2122,7.99277,26549
20,eyJhb,34,0.12807,2156,8.12083,26549
21,gschukin,34,0.12807,2190,8.24890,26549
22,tonyhb,34,0.12807,2224,8.37696,26549
23,milosgajdos,31,0.11677,2255,8.49373,26549
24,ghostplant,25,0.09417,2280,8.58789,26549
25,monikakatiyar16,25,0.09417,2305,8.68206,26549
26,owtaylor,25,0.09417,2330,8.77623,26549
27,gl-lamhnguyen,24,0.09040,2354,8.86662,26549
28,stanhu,24,0.09040,2378,8.95702,26549
29,treed,23,0.08663,2401,9.04366,26549
30,bartebor,22,0.08287,2423,9.12652,26549
31,arkodg,21,0.07910,2444,9.20562,26549
32,dpetzel,21,0.07910,2465,9.28472,26549
33,olegburov,21,0.07910,2486,9.36382,26549
34,andrewnguyen,20,0.07533,2506,9.43915,26549
35,clemenko,20,0.07533,2526,9.51448,26549
36,cliffbdf,20,0.07533,2546,9.58982,26549
37,farmerworking,20,0.07533,2566,9.66515,26549
38,pdevine,20,0.07533,2586,9.74048,26549
39,tifayuki,20,0.07533,2606,9.81581,26549
40,lorieri,19,0.07157,2625,9.88738,26549
41,osallou,18,0.06780,2643,9.95518,26549
42,techknowlogick,18,0.06780,2661,10.02298,26549
43,wangmingshuai,18,0.06780,2679,10.09078,26549
44,nakedible-p,17,0.06403,2696,10.15481,26549
45,sourav82,17,0.06403,2713,10.21884,26549
46,chendoubao,16,0.06027,2729,10.27911,26549
47,CpuID,16,0.06027,2745,10.33937,26549
48,amylindburg,15,0.05650,2760,10.39587,26549
49,AngryHacker,15,0.05650,2775,10.45237,26549
50,baldzern4,15,0.05650,2790,10.50887,26549
51,kyleburnett,15,0.05650,2805,10.56537,26549
52,Soulou,15,0.05650,2820,10.62187,26549
53,sunil3s3,15,0.05650,2835,10.67837,26549
54,adamvduke,14,0.05273,2849,10.73110,26549
55,BadZen,14,0.05273,2863,10.78383,26549
56,DreadPirateShawn,14,0.05273,2877,10.83657,26549
57,EugenMayer,14,0.05273,2891,10.88930,26549
58,fernandodelaiglesia,14,0.05273,2905,10.94203,26549
59,natarajanv,14,0.05273,2919,10.99476,26549
60,thenrich,14,0.05273,2933,11.04750,26549
61,avinson,13,0.04897,2946,11.09646,26549
62,bainsy88,13,0.04897,2959,11.14543,26549
63,clarktlaugh,13,0.04897,2972,11.19440,26549
64,half-dead,13,0.04897,2985,11.24336,26549
65,houht,13,0.04897,2998,11.29233,26549
66,ingshtrom,13,0.04897,3011,11.34129,26549
67,kopax,13,0.04897,3024,11.39026,26549
68,ojacques,13,0.04897,3037,11.43923,26549
69,vehovmar,13,0.04897,3050,11.48819,26549
70,waynr,13,0.04897,3063,11.53716,26549
71,ybshen,13,0.04897,3076,11.58612,26549
72,crazy-max,12,0.04520,3088,11.63132,26549
73,jasonf20,12,0.04520,3100,11.67652,26549
74,joaofnfernandes,12,0.04520,3112,11.72172,26549
75,mika,12,0.04520,3124,11.76692,26549
76,snayakie,12,0.04520,3136,11.81212,26549
77,valentinbud,12,0.04520,3148,11.85732,26549
78,5feixiang,11,0.04143,3159,11.89875,26549
79,batkins61,11,0.04143,3170,11.94019,26549
80,Boran,11,0.04143,3181,11.98162,26549
81,bwb,11,0.04143,3192,12.02305,26549
82,dalsh,11,0.04143,3203,12.06448,26549
83,joda70,11,0.04143,3214,12.10592,26549
84,LeoQuote,11,0.04143,3225,12.14735,26549
85,RichardFoo,11,0.04143,3236,12.18878,26549
86,s0j,11,0.04143,3247,12.23022,26549
87,shyr,11,0.04143,3258,12.27165,26549
88,SinghamXiao,11,0.04143,3269,12.31308,26549
89,chrisgustavsen-wf,10,0.03767,3279,12.35075,26549
90,freewind,10,0.03767,3289,12.38841,26549
91,gauravbhandare,10,0.03767,3299,12.42608,26549
92,heikkis,10,0.03767,3309,12.46375,26549
93,huguesb,10,0.03767,3319,12.50141,26549
94,jcderr,10,0.03767,3329,12.53908,26549
95,Kanshiroron,10,0.03767,3339,12.57674,26549
96,kwk,10,0.03767,3349,12.61441,26549
97,liuchang23,10,0.03767,3359,12.65208,26549
98,megadeezl,10,0.03767,3369,12.68974,26549
99,mhornbech,10,0.03767,3379,12.72741,26549
100,Oleksii-Terekhov,10,0.03767,3389,12.76508,26549
101,OpakAlex,10,0.03767,3399,12.80274,26549
102,qinghua,10,0.03767,3409,12.84041,26549
103,rogerhill01234,10,0.03767,3419,12.87807,26549
104,VogonogoV,10,0.03767,3429,12.91574,26549
105,xiaonancc77,10,0.03767,3439,12.95341,26549
106,zllovesuki,10,0.03767,3449,12.99107,26549
107,BhatNikhil,9,0.03390,3458,13.02497,26549
108,brackendawson,9,0.03390,3467,13.05887,26549
109,cleung2010,9,0.03390,3476,13.09277,26549
110,corradio,9,0.03390,3485,13.12667,26549
111,davidwtf,9,0.03390,3494,13.16057,26549
112,donhcd,9,0.03390,3503,13.19447,26549
113,guoyao,9,0.03390,3512,13.22837,26549
114,hernandanielg,9,0.03390,3521,13.26227,26549
115,jhart1685,9,0.03390,3530,13.29617,26549
116,jpoler,9,0.03390,3539,13.33007,26549
117,krishnasrinivas,9,0.03390,3548,13.36397,26549
118,pleegor,9,0.03390,3557,13.39787,26549
119,RyanDeng,9,0.03390,3566,13.43177,26549
120,sudhanshu-garg,9,0.03390,3575,13.46567,26549
121,wjehenddher,9,0.03390,3584,13.49957,26549
122,yiting1122,9,0.03390,3593,13.53347,26549
123,aabergaa,8,0.03013,3601,13.56360,26549
124,akerekes,8,0.03013,3609,13.59373,26549
125,alexamirante,8,0.03013,3617,13.62387,26549
126,AndreasHassing,8,0.03013,3625,13.65400,26549
127,AstraLuma,8,0.03013,3633,13.68413,26549
128,brutasse,8,0.03013,3641,13.71426,26549
129,ejholmes,8,0.03013,3649,13.74440,26549
130,fixl,8,0.03013,3657,13.77453,26549
131,ghy200692162,8,0.03013,3665,13.80466,26549
132,GittyHup,8,0.03013,3673,13.83480,26549
133,hrak,8,0.03013,3681,13.86493,26549
134,jerrykwchan,8,0.03013,3689,13.89506,26549
135,m5p3nc3r,8,0.03013,3697,13.92519,26549
136,manuelmazzuola,8,0.03013,3705,13.95533,26549
137,nubs,8,0.03013,3713,13.98546,26549
138,phlegx,8,0.03013,3721,14.01559,26549
139,plamer,8,0.03013,3729,14.04573,26549
140,ricardomaraschini,8,0.03013,3737,14.07586,26549
141,stelund,8,0.03013,3745,14.10599,26549
142,Windfarer,8,0.03013,3753,14.13613,26549
143,zfLQ2qx2,8,0.03013,3761,14.16626,26549
144,ZherebcovSergey,8,0.03013,3769,14.19639,26549
145,abulford,7,0.02637,3776,14.22276,26549
146,ad-m,7,0.02637,3783,14.24912,26549
147,allingeek,7,0.02637,3790,14.27549,26549
148,AlvinFeng,7,0.02637,3797,14.30186,26549
149,andrew-leung,7,0.02637,3804,14.32822,26549
150,antoinetran,7,0.02637,3811,14.35459,26549
151,CloudNetwork,7,0.02637,3818,14.38096,26549
152,crazyfacka,7,0.02637,3825,14.40732,26549
153,disastrous-charly,7,0.02637,3832,14.43369,26549
154,fredlf,7,0.02637,3839,14.46005,26549
155,guysoft,7,0.02637,3846,14.48642,26549
156,IevgenKabanets,7,0.02637,3853,14.51279,26549
157,jakecharland,7,0.02637,3860,14.53915,26549
158,jaychris,7,0.02637,3867,14.56552,26549
159,jlandersen,7,0.02637,3874,14.59189,26549
160,ktamiola,7,0.02637,3881,14.61825,26549
161,lazize,7,0.02637,3888,14.64462,26549
162,mateusdemboski,7,0.02637,3895,14.67099,26549
163,mathewkoshy493,7,0.02637,3902,14.69735,26549
164,mindnuts,7,0.02637,3909,14.72372,26549
165,nim-nim,7,0.02637,3916,14.75008,26549
166,pkill,7,0.02637,3923,14.77645,26549
167,riteshnanda09,7,0.02637,3930,14.80282,26549
168,RRAlex,7,0.02637,3937,14.82918,26549
169,rxbynerd,7,0.02637,3944,14.85555,26549
170,Seb-Solon,7,0.02637,3951,14.88192,26549
171,siju-vasudevan,7,0.02637,3958,14.90828,26549
172,srajmane,7,0.02637,3965,14.93465,26549
173,StanleyShen,7,0.02637,3972,14.96102,26549
174,sudo-bmitch,7,0.02637,3979,14.98738,26549
175,susandiamond,7,0.02637,3986,15.01375,26549
176,tdooner,7,0.02637,3993,15.04011,26549
177,timfeirg,7,0.02637,4000,15.06648,26549
178,z0rc,7,0.02637,4007,15.09285,26549
179,zhanghuanzhong,7,0.02637,4014,15.11921,26549
180,486,6,0.02260,4020,15.14181,26549
181,adambrett,6,0.02260,4026,15.16441,26549
182,adrian-plata,6,0.02260,4032,15.18701,26549
183,alexandarp,6,0.02260,4038,15.20961,26549
184,blacktop,6,0.02260,4044,15.23221,26549
185,BrendonW,6,0.02260,4050,15.25481,26549
186,c0rnflex,6,0.02260,4056,15.27741,26549
187,davelesser,6,0.02260,4062,15.30001,26549
188,davidwarshaw,6,0.02260,4068,15.32261,26549
189,dlyub,6,0.02260,4074,15.34521,26549
190,dubo-dubon-duponey,6,0.02260,4080,15.36781,26549
191,EvgenyOrekhov,6,0.02260,4086,15.39041,26549
192,fbacchella,6,0.02260,4092,15.41301,26549
193,gabrielcalderon,6,0.02260,4098,15.43561,26549
194,gajus,6,0.02260,4104,15.45821,26549
195,halcyonCorsair,6,0.02260,4110,15.48081,26549
196,JamesClonk,6,0.02260,4116,15.50341,26549
197,jamshid,6,0.02260,4122,15.52601,26549
198,konstruktoid,6,0.02260,4128,15.54861,26549
199,londoncalling,6,0.02260,4134,15.57121,26549
200,LouisKottmann,6,0.02260,4140,15.59381,26549
201,marcospedreiro,6,0.02260,4146,15.61641,26549
202,matt-duch,6,0.02260,4152,15.63901,26549
203,Mobe91,6,0.02260,4158,15.66161,26549
204,mv012004,6,0.02260,4164,15.68421,26549
205,nanab4u,6,0.02260,4170,15.70681,26549
206,rdjones517,6,0.02260,4176,15.72941,26549
207,renflo,6,0.02260,4182,15.75201,26549
208,Rukeith,6,0.02260,4188,15.77461,26549
209,saravpkkl,6,0.02260,4194,15.79721,26549
210,sethkoehler,6,0.02260,4200,15.81980,26549
211,shaded-enmity,6,0.02260,4206,15.84240,26549
212,taxilian,6,0.02260,4212,15.86500,26549
213,tinganho,6,0.02260,4218,15.88760,26549
214,Trefex,6,0.02260,4224,15.91020,26549
215,TrumanLing,6,0.02260,4230,15.93280,26549
216,uhayate,6,0.02260,4236,15.95540,26549
217,vishesh92,6,0.02260,4242,15.97800,26549
218,yiting163,6,0.02260,4248,16.00060,26549
219,alonbl,5,0.01883,4253,16.01944,26549
220,amitshukla,5,0.01883,4258,16.03827,26549
221,balous,5,0.01883,4263,16.05710,26549
222,BradleyA,5,0.01883,4268,16.07594,26549
223,bydga,5,0.01883,4273,16.09477,26549
224,caladbolg7,5,0.01883,4278,16.11360,26549
225,cappyzawa,5,0.01883,4283,16.13243,26549
226,cquon,5,0.01883,4288,16.15127,26549
227,damianharvey,5,0.01883,4293,16.17010,26549
228,DatzAtWork,5,0.01883,4298,16.18893,26549
229,depay,5,0.01883,4303,16.20777,26549
230,diptanu,5,0.01883,4308,16.22660,26549
231,donatello,5,0.01883,4313,16.24543,26549
232,EvertMDC,5,0.01883,4318,16.26427,26549
233,falzm,5,0.01883,4323,16.28310,26549
234,Filirom1,5,0.01883,4328,16.30193,26549
235,fishtek,5,0.01883,4333,16.32077,26549
236,fxdgear,5,0.01883,4338,16.33960,26549
237,glance-,5,0.01883,4343,16.35843,26549
238,gregrebholz,5,0.01883,4348,16.37726,26549
239,grexe,5,0.01883,4353,16.39610,26549
240,hanleys,5,0.01883,4358,16.41493,26549
241,hassanlhx,5,0.01883,4363,16.43376,26549
242,hinesmr,5,0.01883,4368,16.45260,26549
243,hsanjuan,5,0.01883,4373,16.47143,26549
244,igarny,5,0.01883,4378,16.49026,26549
245,itatabitovski,5,0.01883,4383,16.50910,26549
246,JasonYangShadow,5,0.01883,4388,16.52793,26549
247,jbrook,5,0.01883,4393,16.54676,26549
248,JendaPlhak,5,0.01883,4398,16.56560,26549
249,jianghaitao,5,0.01883,4403,16.58443,26549
250,joelddiaz,5,0.01883,4408,16.60326,26549
251,JonathonReinhart,5,0.01883,4413,16.62209,26549
252,kaos,5,0.01883,4418,16.64093,26549
253,kyzh,5,0.01883,4423,16.65976,26549
254,lauriholmas,5,0.01883,4428,16.67859,26549
255,LeoFidjeland,5,0.01883,4433,16.69743,26549
256,lioncui,5,0.01883,4438,16.71626,26549
257,luckyraul,5,0.01883,4443,16.73509,26549
258,manoj535,5,0.01883,4448,16.75393,26549
259,marcosdiez,5,0.01883,4453,16.77276,26549
260,markzhang0928,5,0.01883,4458,16.79159,26549
261,mattrgreen,5,0.01883,4463,16.81043,26549
262,maxcnunes,5,0.01883,4468,16.82926,26549
263,Maxwell2022,5,0.01883,4473,16.84809,26549
264,ndarilek,5,0.01883,4478,16.86693,26549
265,nhalm2,5,0.01883,4483,16.88576,26549
266,npotter92,5,0.01883,4488,16.90459,26549
267,pavithra76,5,0.01883,4493,16.92342,26549
268,pliljenberg,5,0.01883,4498,16.94226,26549
269,rbarlow,5,0.01883,4503,16.96109,26549
270,reiz,5,0.01883,4508,16.97992,26549
271,samsalisbury,5,0.01883,4513,16.99876,26549
272,scalp42,5,0.01883,4518,17.01759,26549
273,shreyu86,5,0.01883,4523,17.03642,26549
274,skozin,5,0.01883,4528,17.05526,26549
275,SpeedBlack,5,0.01883,4533,17.07409,26549
276,spencerkohan,5,0.01883,4538,17.09292,26549
277,ssabo,5,0.01883,4543,17.11176,26549
278,SuperSandro2000,5,0.01883,4548,17.13059,26549
279,Syntaxide,5,0.01883,4553,17.14942,26549
280,thenewguy,5,0.01883,4558,17.16825,26549
281,tiadobatima,5,0.01883,4563,17.18709,26549
282,vbichov,5,0.01883,4568,17.20592,26549
283,vidarl,5,0.01883,4573,17.22475,26549
284,vleurgat,5,0.01883,4578,17.24359,26549
285,volschin,5,0.01883,4583,17.26242,26549
286,winggundamth,5,0.01883,4588,17.28125,26549
287,WTFKr0,5,0.01883,4593,17.30009,26549
288,wudiapo135,5,0.01883,4598,17.31892,26549
289,wutongjie23hao,5,0.01883,4603,17.33775,26549
290,yangjunsss,5,0.01883,4608,17.35659,26549
291,yixizhang,5,0.01883,4613,17.37542,26549
292,zenbones,5,0.01883,4618,17.39425,26549
293,abhaykumarsomani,4,0.01507,4622,17.40932,26549
294,albertmichaelj,4,0.01507,4626,17.42439,26549
295,Alkarex,4,0.01507,4630,17.43945,26549
296,amsdard,4,0.01507,4634,17.45452,26549
297,anannaya,4,0.01507,4638,17.46958,26549
298,andig,4,0.01507,4642,17.48465,26549
299,andrexus,4,0.01507,4646,17.49972,26549
300,astubbs,4,0.01507,4650,17.51478,26549
301,atomi,4,0.01507,4654,17.52985,26549
302,bingzhang,4,0.01507,4658,17.54492,26549
303,bitva77,4,0.01507,4662,17.55998,26549
304,bmerry,4,0.01507,4666,17.57505,26549
305,bohai,4,0.01507,4670,17.59012,26549
306,brianwcook,4,0.01507,4674,17.60518,26549
307,burakyenier,4,0.01507,4678,17.62025,26549
308,burke,4,0.01507,4682,17.63532,26549
309,bwesen,4,0.01507,4686,17.65038,26549
310,CIS-gvoit,4,0.01507,4690,17.66545,26549
311,cocowalla,4,0.01507,4694,17.68052,26549
312,D1abloRUS,4,0.01507,4698,17.69558,26549
313,damnhandy,4,0.01507,4702,17.71065,26549
314,danilopeixoto,4,0.01507,4706,17.72571,26549
315,dcowden,4,0.01507,4710,17.74078,26549
316,dgoo2308,4,0.01507,4714,17.75585,26549
317,dpal,4,0.01507,4718,17.77091,26549
318,dreh23,4,0.01507,4722,17.78598,26549
319,elianka,4,0.01507,4726,17.80105,26549
320,fandav73,4,0.01507,4730,17.81611,26549
321,FarhadF,4,0.01507,4734,17.83118,26549
322,ffedoroff,4,0.01507,4738,17.84625,26549
323,fffffreedom,4,0.01507,4742,17.86131,26549
324,flipchart,4,0.01507,4746,17.87638,26549
325,flipmokid,4,0.01507,4750,17.89145,26549
326,frankchn,4,0.01507,4754,17.90651,26549
327,GarageDeveloper,4,0.01507,4758,17.92158,26549
328,genei09,4,0.01507,4762,17.93665,26549
329,ggonzalere,4,0.01507,4766,17.95171,26549
330,gracenoah,4,0.01507,4770,17.96678,26549
331,gsexton,4,0.01507,4774,17.98184,26549
332,hantsy,4,0.01507,4778,17.99691,26549
333,hrobertson,4,0.01507,4782,18.01198,26549
334,humble00,4,0.01507,4786,18.02704,26549
335,ianrossi,4,0.01507,4790,18.04211,26549
336,ibuys,4,0.01507,4794,18.05718,26549
337,idontusenumbers,4,0.01507,4798,18.07224,26549
338,innocentme1,4,0.01507,4802,18.08731,26549
339,irachex,4,0.01507,4806,18.10238,26549
340,jansmets,4,0.01507,4810,18.11744,26549
341,jasdel,4,0.01507,4814,18.13251,26549
342,jedi4ever,4,0.01507,4818,18.14758,26549
343,jeremyxu2010,4,0.01507,4822,18.16264,26549
344,jimmyxian,4,0.01507,4826,18.17771,26549
345,jimmyyan,4,0.01507,4830,18.19278,26549
346,johnalotoski,4,0.01507,4834,18.20784,26549
347,juanjoDiaz,4,0.01507,4838,18.22291,26549
348,KeepCaim,4,0.01507,4842,18.23798,26549
349,kinzess,4,0.01507,4846,18.25304,26549
350,liskl,4,0.01507,4850,18.26811,26549
351,lnr0626,4,0.01507,4854,18.28317,26549
352,logopk,4,0.01507,4858,18.29824,26549
353,lorenzobenvenuti,4,0.01507,4862,18.31331,26549
354,lox,4,0.01507,4866,18.32837,26549
355,LunaticZorr,4,0.01507,4870,18.34344,26549
356,madushajg,4,0.01507,4874,18.35851,26549
357,majidaldo,4,0.01507,4878,18.37357,26549
358,manschwetusCS,4,0.01507,4882,18.38864,26549
359,manvalls,4,0.01507,4886,18.40371,26549
360,martin-wiseweb,4,0.01507,4890,18.41877,26549
361,mathieuduperre,4,0.01507,4894,18.43384,26549
362,metaml,4,0.01507,4898,18.44891,26549
363,minichate,4,0.01507,4902,18.46397,26549
364,mohanrao,4,0.01507,4906,18.47904,26549
365,MullaCode,4,0.01507,4910,18.49411,26549
366,nklmilojevic,4,0.01507,4914,18.50917,26549
367,oms,4,0.01507,4918,18.52424,26549
368,orimarti,4,0.01507,4922,18.53930,26549
369,overmike,4,0.01507,4926,18.55437,26549
370,paochiang,4,0.01507,4930,18.56944,26549
371,pasali,4,0.01507,4934,18.58450,26549
372,postalC,4,0.01507,4938,18.59957,26549
373,quchunguang,4,0.01507,4942,18.61464,26549
374,rustyconover,4,0.01507,4946,18.62970,26549
375,sbuss,4,0.01507,4950,18.64477,26549
376,schmiel,4,0.01507,4954,18.65984,26549
377,sentientmonkey,4,0.01507,4958,18.67490,26549
378,sevki,4,0.01507,4962,18.68997,26549
379,sfsmithcha,4,0.01507,4966,18.70504,26549
380,shahzeb1,4,0.01507,4970,18.72010,26549
381,shettyh,4,0.01507,4974,18.73517,26549
382,softlns,4,0.01507,4978,18.75024,26549
383,sorenvind,4,0.01507,4982,18.76530,26549
384,ssunzulily,4,0.01507,4986,18.78037,26549
385,StarGate01,4,0.01507,4990,18.79543,26549
386,stepyu,4,0.01507,4994,18.81050,26549
387,steve-taylor,4,0.01507,4998,18.82557,26549
388,supermeng,4,0.01507,5002,18.84063,26549
389,Synapse791,4,0.01507,5006,18.85570,26549
390,tdsparrow,4,0.01507,5010,18.87077,26549
391,ThStock,4,0.01507,5014,18.88583,26549
392,timbod7,4,0.01507,5018,18.90090,26549
393,tkyonezu,4,0.01507,5022,18.91597,26549
394,TrustNoOne,4,0.01507,5026,18.93103,26549
395,vklonghml,4,0.01507,5030,18.94610,26549
396,vowywowy,4,0.01507,5034,18.96117,26549
397,vsizov,4,0.01507,5038,18.97623,26549
398,wilminator,4,0.01507,5042,18.99130,26549
399,wolfeidau,4,0.01507,5046,19.00637,26549
400,wyaeld,4,0.01507,5050,19.02143,26549
401,xoxys,4,0.01507,5054,19.03650,26549
402,xuejipeng,4,0.01507,5058,19.05157,26549
403,zhangcoldwater,4,0.01507,5062,19.06663,26549
404,7fELF,3,0.01130,5065,19.07793,26549
405,adezdl,3,0.01130,5068,19.08923,26549
406,aidanhs,3,0.01130,5071,19.10053,26549
407,alecbenson,3,0.01130,5074,19.11183,26549
408,aleksandrzhiliaev,3,0.01130,5077,19.12313,26549
409,alexkappa,3,0.01130,5080,19.13443,26549
410,allan1991,3,0.01130,5083,19.14573,26549
411,alpharameeztech,3,0.01130,5086,19.15703,26549
412,amitsh728,3,0.01130,5089,19.16833,26549
413,andrewrome,3,0.01130,5092,19.17963,26549
414,anonymouse64,3,0.01130,5095,19.19093,26549
415,anthonygreen,3,0.01130,5098,19.20223,26549
416,antoniomercado,3,0.01130,5101,19.21353,26549
417,Applemann,3,0.01130,5104,19.22483,26549
418,Asjas,3,0.01130,5107,19.23613,26549
419,astrally2000,3,0.01130,5110,19.24743,26549
420,auguster,3,0.01130,5113,19.25873,26549
421,awaissindhu,3,0.01130,5116,19.27003,26549
422,ayosec,3,0.01130,5119,19.28133,26549
423,baidubcex,3,0.01130,5122,19.29263,26549
424,batreseau,3,0.01130,5125,19.30393,26549
425,batwicket,3,0.01130,5128,19.31523,26549
426,beatscode,3,0.01130,5131,19.32653,26549
427,berrywira,3,0.01130,5134,19.33783,26549
428,bes-barnett,3,0.01130,5137,19.34913,26549
429,bibby,3,0.01130,5140,19.36043,26549
430,blakewhite,3,0.01130,5143,19.37173,26549
431,bluven,3,0.01130,5146,19.38303,26549
432,bmangold,3,0.01130,5149,19.39433,26549
433,Bockit,3,0.01130,5152,19.40563,26549
434,boianmihailov,3,0.01130,5155,19.41693,26549
435,busyboy77,3,0.01130,5158,19.42823,26549
436,cancan101,3,0.01130,5161,19.43953,26549
437,cars10,3,0.01130,5164,19.45083,26549
438,cdrx,3,0.01130,5167,19.46213,26549
439,CKA3KuH,3,0.01130,5170,19.47343,26549
440,cloverstd,3,0.01130,5173,19.48473,26549
441,cniweb,3,0.01130,5176,19.49603,26549
442,codebaard,3,0.01130,5179,19.50733,26549
443,CVTJNII,3,0.01130,5182,19.51863,26549
444,cwpenhale,3,0.01130,5185,19.52993,26549
445,darylteo,3,0.01130,5188,19.54123,26549
446,DavidObando,3,0.01130,5191,19.55253,26549
447,Davidrjx,3,0.01130,5194,19.56383,26549
448,dgoldstein0,3,0.01130,5197,19.57513,26549
449,dk-lockdown,3,0.01130,5200,19.58643,26549
450,dongmx,3,0.01130,5203,19.59772,26549
451,drmalex07,3,0.01130,5206,19.60902,26549
452,drocsid,3,0.01130,5209,19.62032,26549
453,Duoxilian,3,0.01130,5212,19.63162,26549
454,emptywee,3,0.01130,5215,19.64292,26549
455,enyalius1,3,0.01130,5218,19.65422,26549
456,Exagone313,3,0.01130,5221,19.66552,26549
457,fabianfreyer,3,0.01130,5224,19.67682,26549
458,fenghui2013,3,0.01130,5227,19.68812,26549
459,fernandoneto,3,0.01130,5230,19.69942,26549
460,ferrix,3,0.01130,5233,19.71072,26549
461,FredrikNoren,3,0.01130,5236,19.72202,26549
462,frimdo,3,0.01130,5239,19.73332,26549
463,GameScripting,3,0.01130,5242,19.74462,26549
464,GaretJax,3,0.01130,5245,19.75592,26549
465,gcrova,3,0.01130,5248,19.76722,26549
466,GEownt,3,0.01130,5251,19.77852,26549
467,GiantRobots,3,0.01130,5254,19.78982,26549
468,gionn,3,0.01130,5257,19.80112,26549
469,gizmonicus,3,0.01130,5260,19.81242,26549
470,goatherder,3,0.01130,5263,19.82372,26549
471,gogeof,3,0.01130,5266,19.83502,26549
472,grimmySwe,3,0.01130,5269,19.84632,26549
473,gtmtech,3,0.01130,5272,19.85762,26549
474,Haitianisgood,3,0.01130,5275,19.86892,26549
475,hardillb,3,0.01130,5278,19.88022,26549
476,inc-cloitsch,3,0.01130,5281,19.89152,26549
477,ipanova,3,0.01130,5284,19.90282,26549
478,ivandileliocp,3,0.01130,5287,19.91412,26549
479,ivotron,3,0.01130,5290,19.92542,26549
480,JackChen255,3,0.01130,5293,19.93672,26549
481,jacksgt,3,0.01130,5296,19.94802,26549
482,jambroo,3,0.01130,5299,19.95932,26549
483,janhelges,3,0.01130,5302,19.97062,26549
484,jason-lanpher,3,0.01130,5305,19.98192,26549
485,jayaram-raju,3,0.01130,5308,19.99322,26549
486,jbaviat,3,0.01130,5311,20.00452,26549
487,jeffwecan,3,0.01130,5314,20.01582,26549
488,jerry-yuan,3,0.01130,5317,20.02712,26549
489,jiashiwen,3,0.01130,5320,20.03842,26549
490,JKDingwall,3,0.01130,5323,20.04972,26549
491,jlegido,3,0.01130,5326,20.06102,26549
492,joecrotty,3,0.01130,5329,20.07232,26549
493,joestubbs,3,0.01130,5332,20.08362,26549
494,jonatanblue,3,0.01130,5335,20.09492,26549
495,jonhoo,3,0.01130,5338,20.10622,26549
496,josdirksen,3,0.01130,5341,20.11752,26549
497,joshuacox,3,0.01130,5344,20.12882,26549
498,Josua-SR,3,0.01130,5347,20.14012,26549
499,jramseye,3,0.01130,5350,20.15142,26549
500,jtherin,3,0.01130,5353,20.16272,26549
501,juanfeldman11,3,0.01130,5356,20.17402,26549
502,jzyao,3,0.01130,5359,20.18532,26549
503,katelynwang,3,0.01130,5362,20.19662,26549
504,kd7lxl,3,0.01130,5365,20.20792,26549
505,kecondezo,3,0.01130,5368,20.21922,26549
506,kenjones-cisco,3,0.01130,5371,20.23052,26549
507,kiwenlau,3,0.01130,5374,20.24182,26549
508,KoltesDigital,3,0.01130,5377,20.25312,26549
509,krak3n,3,0.01130,5380,20.26442,26549
510,ksanjeev,3,0.01130,5383,20.27572,26549
511,kuhnroyal,3,0.01130,5386,20.28702,26549
512,lcc2207,3,0.01130,5389,20.29832,26549
513,least-olegs,3,0.01130,5392,20.30962,26549
514,liclac,3,0.01130,5395,20.32092,26549
515,LinuxEngr,3,0.01130,5398,20.33222,26549
516,Lispython,3,0.01130,5401,20.34352,26549
517,liusdu,3,0.01130,5404,20.35482,26549
518,lli-hiya,3,0.01130,5407,20.36612,26549
519,lmayorga1980,3,0.01130,5410,20.37742,26549
520,lnsyyj,3,0.01130,5413,20.38872,26549
521,lonoi,3,0.01130,5416,20.40002,26549
522,MaGitKo,3,0.01130,5419,20.41131,26549
523,marcstreeter,3,0.01130,5422,20.42261,26549
524,mariolameiras,3,0.01130,5425,20.43391,26549
525,mariusz-podsiadlo,3,0.01130,5428,20.44521,26549
526,markgalpin,3,0.01130,5431,20.45651,26549
527,markriggins,3,0.01130,5434,20.46781,26549
528,Mart-Bogdan,3,0.01130,5437,20.47911,26549
529,matutter,3,0.01130,5440,20.49041,26549
530,me115,3,0.01130,5443,20.50171,26549
531,mfornasa,3,0.01130,5446,20.51301,26549
532,mlb-1,3,0.01130,5449,20.52431,26549
533,mMohamed451,3,0.01130,5452,20.53561,26549
534,mostlygeek,3,0.01130,5455,20.54691,26549
535,mostolog,3,0.01130,5458,20.55821,26549
536,mremes,3,0.01130,5461,20.56951,26549
537,mrjana,3,0.01130,5464,20.58081,26549
538,mrlamroger,3,0.01130,5467,20.59211,26549
539,msmith-techempower,3,0.01130,5470,20.60341,26549
540,munhitsu,3,0.01130,5473,20.61471,26549
541,muralimadhu,3,0.01130,5476,20.62601,26549
542,naveed-jamil-tenpearls,3,0.01130,5479,20.63731,26549
543,nemothekid,3,0.01130,5482,20.64861,26549
544,nicbarker,3,0.01130,5485,20.65991,26549
545,nleach999,3,0.01130,5488,20.67121,26549
546,notuscloud,3,0.01130,5491,20.68251,26549
547,NoumanSaleem,3,0.01130,5494,20.69381,26549
548,olibob,3,0.01130,5497,20.70511,26549
549,pasqualtroncone,3,0.01130,5500,20.71641,26549
550,pctj101,3,0.01130,5503,20.72771,26549
551,p-gonzo,3,0.01130,5506,20.73901,26549
552,plinehan,3,0.01130,5509,20.75031,26549
553,polym,3,0.01130,5512,20.76161,26549
554,pongo710,3,0.01130,5515,20.77291,26549
555,pronvit,3,0.01130,5518,20.78421,26549
556,psigen,3,0.01130,5521,20.79551,26549
557,Qdigital,3,0.01130,5524,20.80681,26549
558,qiuhongshuai,3,0.01130,5527,20.81811,26549
559,quantnet-golovin,3,0.01130,5530,20.82941,26549
560,r0mant,3,0.01130,5533,20.84071,26549
561,raphleu,3,0.01130,5536,20.85201,26549
562,rdrgporto,3,0.01130,5539,20.86331,26549
563,realPy,3,0.01130,5542,20.87461,26549
564,recyard,3,0.01130,5545,20.88591,26549
565,revetahw,3,0.01130,5548,20.89721,26549
566,rferris,3,0.01130,5551,20.90851,26549
567,rhyselsmore,3,0.01130,5554,20.91981,26549
568,rncry,3,0.01130,5557,20.93111,26549
569,robindegen,3,0.01130,5560,20.94241,26549
570,robogeek,3,0.01130,5563,20.95371,26549
571,rogeryu27,3,0.01130,5566,20.96501,26549
572,roiebe,3,0.01130,5569,20.97631,26549
573,RomanSteinberg,3,0.01130,5572,20.98761,26549
574,russellcardullo,3,0.01130,5575,20.99891,26549
575,saavkaar,3,0.01130,5578,21.01021,26549
576,sandeepone,3,0.01130,5581,21.02151,26549
577,schauerte,3,0.01130,5584,21.03281,26549
578,schmunk42,3,0.01130,5587,21.04411,26549
579,scottcarey,3,0.01130,5590,21.05541,26549
580,sebmoule,3,0.01130,5593,21.06671,26549
581,sfwn,3,0.01130,5596,21.07801,26549
582,shelbrudy,3,0.01130,5599,21.08931,26549
583,shoaibbutt50,3,0.01130,5602,21.10061,26549
584,sirdemios,3,0.01130,5605,21.11191,26549
585,skorokithakis,3,0.01130,5608,21.12321,26549
586,skuzye,3,0.01130,5611,21.13451,26549
587,s-leroux,3,0.01130,5614,21.14581,26549
588,Sodki,3,0.01130,5617,21.15711,26549
589,songkamongkol,3,0.01130,5620,21.16841,26549
590,soroush,3,0.01130,5623,21.17971,26549
591,speicherville,3,0.01130,5626,21.19101,26549
592,Steffen543,3,0.01130,5629,21.20231,26549
593,straurob,3,0.01130,5632,21.21361,26549
594,sunadm,3,0.01130,5635,21.22490,26549
595,SyCode7,3,0.01130,5638,21.23620,26549
596,tallandtree,3,0.01130,5641,21.24750,26549
597,TanmayaA,3,0.01130,5644,21.25880,26549
598,tazle,3,0.01130,5647,21.27010,26549
599,tboerger,3,0.01130,5650,21.28140,26549
600,TheEdgeOfRage,3,0.01130,5653,21.29270,26549
601,thekid,3,0.01130,5656,21.30400,26549
602,tigranbs,3,0.01130,5659,21.31530,26549
603,timchenxiaoyu,3,0.01130,5662,21.32660,26549
604,TimeInvestor,3,0.01130,5665,21.33790,26549
605,tomwillfixit,3,0.01130,5668,21.34920,26549
606,Tuxity,3,0.01130,5671,21.36050,26549
607,twhiteman,3,0.01130,5674,21.37180,26549
608,TylerLubeck,3,0.01130,5677,21.38310,26549
609,ultratensai,3,0.01130,5680,21.39440,26549
610,verstaen,3,0.01130,5683,21.40570,26549
611,viirtus,3,0.01130,5686,21.41700,26549
612,vincentl-ipggroup,3,0.01130,5689,21.42830,26549
613,wanghaisheng,3,0.01130,5692,21.43960,26549
614,whyrusleeping,3,0.01130,5695,21.45090,26549
615,windj007,3,0.01130,5698,21.46220,26549
616,xphoenix,3,0.01130,5701,21.47350,26549
617,Xychic,3,0.01130,5704,21.48480,26549
618,x-yuri,3,0.01130,5707,21.49610,26549
619,YuanJingtao,3,0.01130,5710,21.50740,26549
620,yunkunrao,3,0.01130,5713,21.51870,26549
621,Zapadlo,3,0.01130,5716,21.53000,26549
622,ZiggyMaes,3,0.01130,5719,21.54130,26549
623,zmmwl,3,0.01130,5722,21.55260,26549
624,zoltan-fedor,3,0.01130,5725,21.56390,26549
625,a93ushakov,2,0.00753,5727,21.57143,26549
626,aca,2,0.00753,5729,21.57897,26549
627,adam2k,2,0.00753,5731,21.58650,26549
628,adamjaso,2,0.00753,5733,21.59403,26549
629,adamsolymos,2,0.00753,5735,21.60157,26549
630,adlion,2,0.00753,5737,21.60910,26549
631,adrrrrrrrian,2,0.00753,5739,21.61663,26549
632,afiskon,2,0.00753,5741,21.62417,26549
633,aijanai,2,0.00753,5743,21.63170,26549
634,akloya,2,0.00753,5745,21.63923,26549
635,alexisvisco,2,0.00753,5747,21.64677,26549
636,allbinmani,2,0.00753,5749,21.65430,26549
637,AndreasSliwka,2,0.00753,5751,21.66183,26549
638,andrefreitas,2,0.00753,5753,21.66937,26549
639,Andrei-Radulescu,2,0.00753,5755,21.67690,26549
640,aniejek,2,0.00753,5757,21.68443,26549
641,anthuwan13,2,0.00753,5759,21.69197,26549
642,arcolombo,2,0.00753,5761,21.69950,26549
643,asarubbo,2,0.00753,5763,21.70703,26549
644,Aschenbecher,2,0.00753,5765,21.71457,26549
645,asheshambasta,2,0.00753,5767,21.72210,26549
646,ashish235,2,0.00753,5769,21.72963,26549
647,atld,2,0.00753,5771,21.73717,26549
648,audrummer15,2,0.00753,5773,21.74470,26549
649,ayufan,2,0.00753,5775,21.75223,26549
650,b0c1,2,0.00753,5777,21.75976,26549
651,BadNews87,2,0.00753,5779,21.76730,26549
652,bartvanandel,2,0.00753,5781,21.77483,26549
653,bbodenmiller,2,0.00753,5783,21.78236,26549
654,beiketianzhuang,2,0.00753,5785,21.78990,26549
655,benhutchins,2,0.00753,5787,21.79743,26549
656,beniwtv,2,0.00753,5789,21.80496,26549
657,benz0li,2,0.00753,5791,21.81250,26549
658,beyondblog,2,0.00753,5793,21.82003,26549
659,bhuisgen,2,0.00753,5795,21.82756,26549
660,bjaglin,2,0.00753,5797,21.83510,26549
661,bklau,2,0.00753,5799,21.84263,26549
662,blackfader,2,0.00753,5801,21.85016,26549
663,BlancosWay,2,0.00753,5803,21.85770,26549
664,bnordbo,2,0.00753,5805,21.86523,26549
665,bordicon,2,0.00753,5807,21.87276,26549
666,boying52,2,0.00753,5809,21.88030,26549
667,brandonmcclure,2,0.00753,5811,21.88783,26549
668,brenzi,2,0.00753,5813,21.89536,26549
669,brian-bason,2,0.00753,5815,21.90290,26549
670,broegner,2,0.00753,5817,21.91043,26549
671,bsuiram,2,0.00753,5819,21.91796,26549
672,btsken,2,0.00753,5821,21.92550,26549
673,buckett,2,0.00753,5823,21.93303,26549
674,bwalsh,2,0.00753,5825,21.94056,26549
675,CarTerr,2,0.00753,5827,21.94810,26549
676,castorls,2,0.00753,5829,21.95563,26549
677,CConnection,2,0.00753,5831,21.96316,26549
678,chino,2,0.00753,5833,21.97070,26549
679,chmely,2,0.00753,5835,21.97823,26549
680,ChrisRut,2,0.00753,5837,21.98576,26549
681,Clement-TS,2,0.00753,5839,21.99330,26549
682,clodoaldobastos,2,0.00753,5841,22.00083,26549
683,CobbleVision,2,0.00753,5843,22.00836,26549
684,colrack,2,0.00753,5845,22.01590,26549
685,compnski,2,0.00753,5847,22.02343,26549
686,corpix,2,0.00753,5849,22.03096,26549
687,CRWdog193,2,0.00753,5851,22.03849,26549
688,damlys,2,0.00753,5853,22.04603,26549
689,danielezer,2,0.00753,5855,22.05356,26549
690,danielsneijers,2,0.00753,5857,22.06109,26549
691,danieltan,2,0.00753,5859,22.06863,26549
692,daniloascione,2,0.00753,5861,22.07616,26549
693,davidthor,2,0.00753,5863,22.08369,26549
694,deleteriousEffect,2,0.00753,5865,22.09123,26549
695,delight,2,0.00753,5867,22.09876,26549
696,demshin,2,0.00753,5869,22.10629,26549
697,devcrust,2,0.00753,5871,22.11383,26549
698,devshorts,2,0.00753,5873,22.12136,26549
699,devzsolt,2,0.00753,5875,22.12889,26549
700,diamantn,2,0.00753,5877,22.13643,26549
701,dionjwa,2,0.00753,5879,22.14396,26549
702,dkleva,2,0.00753,5881,22.15149,26549
703,d-luu,2,0.00753,5883,22.15903,26549
704,dotNetDR,2,0.00753,5885,22.16656,26549
705,drobison00,2,0.00753,5887,22.17409,26549
706,dtheodor,2,0.00753,5889,22.18163,26549
707,dutchakdev,2,0.00753,5891,22.18916,26549
708,dv,2,0.00753,5893,22.19669,26549
709,eburnette,2,0.00753,5895,22.20423,26549
710,eesprit,2,0.00753,5897,22.21176,26549
711,ejderdal,2,0.00753,5899,22.21929,26549
712,ekrupnik,2,0.00753,5901,22.22683,26549
713,Elassyo,2,0.00753,5903,22.23436,26549
714,emilsoman,2,0.00753,5905,22.24189,26549
715,ericmclachlan,2,0.00753,5907,22.24943,26549
716,erikbgithub,2,0.00753,5909,22.25696,26549
717,Exordian,2,0.00753,5911,22.26449,26549
718,falstaff84,2,0.00753,5913,22.27203,26549
719,fedya,2,0.00753,5915,22.27956,26549
720,fieryvova,2,0.00753,5917,22.28709,26549
721,firelyu,2,0.00753,5919,22.29463,26549
722,Forsk,2,0.00753,5921,22.30216,26549
723,frankcchen,2,0.00753,5923,22.30969,26549
724,fsword,2,0.00753,5925,22.31722,26549
725,gabriellhrn,2,0.00753,5927,22.32476,26549
726,ganeshpore,2,0.00753,5929,22.33229,26549
727,gbarr01,2,0.00753,5931,22.33982,26549
728,geekpete,2,0.00753,5933,22.34736,26549
729,gerdstolpmann,2,0.00753,5935,22.35489,26549
730,ghaering,2,0.00753,5937,22.36242,26549
731,Gladskih,2,0.00753,5939,22.36996,26549
732,GrantStreetGroup,2,0.00753,5941,22.37749,26549
733,GREX-USS,2,0.00753,5943,22.38502,26549
734,gyakushev,2,0.00753,5945,22.39256,26549
735,hai-ld,2,0.00753,5947,22.40009,26549
736,havoc88,2,0.00753,5949,22.40762,26549
737,haydenhughes,2,0.00753,5951,22.41516,26549
738,hellertime,2,0.00753,5953,22.42269,26549
739,hipstar-08,2,0.00753,5955,22.43022,26549
740,HugoKuo,2,0.00753,5957,22.43776,26549
741,hunterchung,2,0.00753,5959,22.44529,26549
742,huslage,2,0.00753,5961,22.45282,26549
743,hwellmann,2,0.00753,5963,22.46036,26549
744,IamBusy,2,0.00753,5965,22.46789,26549
745,icedir,2,0.00753,5967,22.47542,26549
746,icefed,2,0.00753,5969,22.48296,26549
747,igayoso,2,0.00753,5971,22.49049,26549
748,ikr0m,2,0.00753,5973,22.49802,26549
749,ipavlushin,2,0.00753,5975,22.50556,26549
750,iskradelta,2,0.00753,5977,22.51309,26549
751,Iverson-lena,2,0.00753,5979,22.52062,26549
752,jaayjee,2,0.00753,5981,22.52816,26549
753,jakedt,2,0.00753,5983,22.53569,26549
754,jarischaefer,2,0.00753,5985,22.54322,26549
755,jarus,2,0.00753,5987,22.55076,26549
756,javicacheiro,2,0.00753,5989,22.55829,26549
757,jaydrogers,2,0.00753,5991,22.56582,26549
758,JBodkin,2,0.00753,5993,22.57335,26549
759,jeromepin,2,0.00753,5995,22.58089,26549
760,jesper,2,0.00753,5997,22.58842,26549
761,jhaohai,2,0.00753,5999,22.59595,26549
762,jhcook,2,0.00753,6001,22.60349,26549
763,jhicks-camgian,2,0.00753,6003,22.61102,26549
764,jhowel,2,0.00753,6005,22.61855,26549
765,jimconner,2,0.00753,6007,22.62609,26549
766,jmitchell,2,0.00753,6009,22.63362,26549
767,jmwong,2,0.00753,6011,22.64115,26549
768,joerg,2,0.00753,6013,22.64869,26549
769,jojoLockLock,2,0.00753,6015,22.65622,26549
770,jokirchner,2,0.00753,6017,22.66375,26549
771,jonathankochems,2,0.00753,6019,22.67129,26549
772,JonJagger,2,0.00753,6021,22.67882,26549
773,joshland96,2,0.00753,6023,22.68635,26549
774,jrudolph,2,0.00753,6025,22.69389,26549
775,jstabenow,2,0.00753,6027,22.70142,26549
776,juacompe,2,0.00753,6029,22.70895,26549
777,julian-berks,2,0.00753,6031,22.71649,26549
778,juliosmelo,2,0.00753,6033,22.72402,26549
779,kaleocheng,2,0.00753,6035,22.73155,26549
780,KaleoCheng,2,0.00753,6037,22.73909,26549
781,kcd83,2,0.00753,6039,22.74662,26549
782,kduda,2,0.00753,6041,22.75415,26549
783,keichan34,2,0.00753,6043,22.76169,26549
784,kendru,2,0.00753,6045,22.76922,26549
785,kentoj,2,0.00753,6047,22.77675,26549
786,kepeket,2,0.00753,6049,22.78429,26549
787,khooz,2,0.00753,6051,22.79182,26549
788,kiddingl,2,0.00753,6053,22.79935,26549
789,kinglion811,2,0.00753,6055,22.80689,26549
790,kirat-singh,2,0.00753,6057,22.81442,26549
791,kjozsa,2,0.00753,6059,22.82195,26549
792,koyadume,2,0.00753,6061,22.82949,26549
793,kpdecker,2,0.00753,6063,22.83702,26549
794,ktiedt,2,0.00753,6065,22.84455,26549
795,kurin,2,0.00753,6067,22.85208,26549
796,kurtzur,2,0.00753,6069,22.85962,26549
797,l3iggs,2,0.00753,6071,22.86715,26549
798,lazam,2,0.00753,6073,22.87468,26549
799,ledjon,2,0.00753,6075,22.88222,26549
800,leedm777,2,0.00753,6077,22.88975,26549
801,leonhartX,2,0.00753,6079,22.89728,26549
802,lipixun,2,0.00753,6081,22.90482,26549
803,lkoenigsberger,2,0.00753,6083,22.91235,26549
804,lucidprogrammer,2,0.00753,6085,22.91988,26549
805,LuckyF,2,0.00753,6087,22.92742,26549
806,LuisBL,2,0.00753,6089,22.93495,26549
807,luislobo,2,0.00753,6091,22.94248,26549
808,lwcolton,2,0.00753,6093,22.95002,26549
809,Maasiv-com,2,0.00753,6095,22.95755,26549
810,madeddie,2,0.00753,6097,22.96508,26549
811,marceldegraaf,2,0.00753,6099,22.97262,26549
812,marcelwester,2,0.00753,6101,22.98015,26549
813,margana,2,0.00753,6103,22.98768,26549
814,marstr,2,0.00753,6105,22.99522,26549
815,martinyunify,2,0.00753,6107,23.00275,26549
816,mastier,2,0.00753,6109,23.01028,26549
817,mattes,2,0.00753,6111,23.01782,26549
818,matthewadams,2,0.00753,6113,23.02535,26549
819,maxpowa,2,0.00753,6115,23.03288,26549
820,mibutec,2,0.00753,6117,23.04042,26549
821,michaelsauter,2,0.00753,6119,23.04795,26549
822,mikenel,2,0.00753,6121,23.05548,26549
823,mingj,2,0.00753,6123,23.06302,26549
824,misGong,2,0.00753,6125,23.07055,26549
825,mkm85,2,0.00753,6127,23.07808,26549
826,mkonakan,2,0.00753,6129,23.08562,26549
827,monkeymon,2,0.00753,6131,23.09315,26549
828,Monomachus,2,0.00753,6133,23.10068,26549
829,moritonal,2,0.00753,6135,23.10821,26549
830,MorningGongSir,2,0.00753,6137,23.11575,26549
831,mourad,2,0.00753,6139,23.12328,26549
832,mriddlegsn,2,0.00753,6141,23.13081,26549
833,MrJoy,2,0.00753,6143,23.13835,26549
834,muzi502,2,0.00753,6145,23.14588,26549
835,mvanholsteijn,2,0.00753,6147,23.15341,26549
836,ncw,2,0.00753,6149,23.16095,26549
837,ndelitski,2,0.00753,6151,23.16848,26549
838,Newspaperman57,2,0.00753,6153,23.17601,26549
839,NickDeClario,2,0.00753,6155,23.18355,26549
840,Nick-Harvey,2,0.00753,6157,23.19108,26549
841,NickolasHKraus,2,0.00753,6159,23.19861,26549
842,nirajvara,2,0.00753,6161,23.20615,26549
843,nkanish2002,2,0.00753,6163,23.21368,26549
844,noisy,2,0.00753,6165,23.22121,26549
845,noymn,2,0.00753,6167,23.22875,26549
846,NVT2,2,0.00753,6169,23.23628,26549
847,nyarly,2,0.00753,6171,23.24381,26549
848,oiavorskyi,2,0.00753,6173,23.25135,26549
849,olzhang,2,0.00753,6175,23.25888,26549
850,ORESoftware,2,0.00753,6177,23.26641,26549
851,parvezakkas,2,0.00753,6179,23.27395,26549
852,patcoll,2,0.00753,6181,23.28148,26549
853,pcwearingmedia,2,0.00753,6183,23.28901,26549
854,pimuzzo,2,0.00753,6185,23.29655,26549
855,pmalshe,2,0.00753,6187,23.30408,26549
856,pmengelbert,2,0.00753,6189,23.31161,26549
857,pmjohann,2,0.00753,6191,23.31915,26549
858,pollosp,2,0.00753,6193,23.32668,26549
859,popoludnica,2,0.00753,6195,23.33421,26549
860,progovoy,2,0.00753,6197,23.34175,26549
861,ProProgrammer,2,0.00753,6199,23.34928,26549
862,pvsvamsi,2,0.00753,6201,23.35681,26549
863,qvistgaard,2,0.00753,6203,23.36435,26549
864,qwjhq,2,0.00753,6205,23.37188,26549
865,ramgdev,2,0.00753,6207,23.37941,26549
866,ranisalt,2,0.00753,6209,23.38694,26549
867,rdalverny,2,0.00753,6211,23.39448,26549
868,rdxmb,2,0.00753,6213,23.40201,26549
869,redhatlinux10,2,0.00753,6215,23.40954,26549
870,renaborges,2,0.00753,6217,23.41708,26549
871,rennhak,2,0.00753,6219,23.42461,26549
872,rgerhards,2,0.00753,6221,23.43214,26549
873,rhardih,2,0.00753,6223,23.43968,26549
874,ricardobranco777,2,0.00753,6225,23.44721,26549
875,richard-scott,2,0.00753,6227,23.45474,26549
876,Richie765,2,0.00753,6229,23.46228,26549
877,riffling,2,0.00753,6231,23.46981,26549
878,RLovelett,2,0.00753,6233,23.47734,26549
879,rmorales-iaa,2,0.00753,6235,23.48488,26549
880,robertglen,2,0.00753,6237,23.49241,26549
881,robertofabrizi,2,0.00753,6239,23.49994,26549
882,Rocklviv,2,0.00753,6241,23.50748,26549
883,rsslldnphy,2,0.00753,6243,23.51501,26549
884,rulatir,2,0.00753,6245,23.52254,26549
885,russellgao,2,0.00753,6247,23.53008,26549
886,rvRamakrishnan,2,0.00753,6249,23.53761,26549
887,RX14,2,0.00753,6251,23.54514,26549
888,s2zaman,2,0.00753,6253,23.55268,26549
889,sadoco,2,0.00753,6255,23.56021,26549
890,SajayAntony,2,0.00753,6257,23.56774,26549
891,sav-chris,2,0.00753,6259,23.57528,26549
892,sblackstone,2,0.00753,6261,23.58281,26549
893,sbobylev,2,0.00753,6263,23.59034,26549
894,schneiderpat,2,0.00753,6265,23.59788,26549
895,schnidrig,2,0.00753,6267,23.60541,26549
896,scottschulthess,2,0.00753,6269,23.61294,26549
897,sdavids13,2,0.00753,6271,23.62048,26549
898,sehyoc,2,0.00753,6273,23.62801,26549
899,serkanh,2,0.00753,6275,23.63554,26549
900,shenred176,2,0.00753,6277,23.64308,26549
901,shenshouer,2,0.00753,6279,23.65061,26549
902,shizhMSFT,2,0.00753,6281,23.65814,26549
903,simplycloud,2,0.00753,6283,23.66567,26549
904,sinneduy,2,0.00753,6285,23.67321,26549
905,SirEdvin,2,0.00753,6287,23.68074,26549
906,sll552,2,0.00753,6289,23.68827,26549
907,Smasherr,2,0.00753,6291,23.69581,26549
908,smattheis,2,0.00753,6293,23.70334,26549
909,snmed,2,0.00753,6295,23.71087,26549
910,socketpair,2,0.00753,6297,23.71841,26549
911,soninob,2,0.00753,6299,23.72594,26549
912,sparkeh9,2,0.00753,6301,23.73347,26549
913,spawnthink,2,0.00753,6303,23.74101,26549
914,spencerbeggs,2,0.00753,6305,23.74854,26549
915,spicykaiju,2,0.00753,6307,23.75607,26549
916,sshipway,2,0.00753,6309,23.76361,26549
917,ssljivic,2,0.00753,6311,23.77114,26549
918,stefli,2,0.00753,6313,23.77867,26549
919,stevenschlansker,2,0.00753,6315,23.78621,26549
920,sukhong,2,0.00753,6317,23.79374,26549
921,sunilkanjar,2,0.00753,6319,23.80127,26549
922,superstator,2,0.00753,6321,23.80881,26549
923,swetpand,2,0.00753,6323,23.81634,26549
924,tamasgal,2,0.00753,6325,23.82387,26549
925,tanvp112,2,0.00753,6327,23.83141,26549
926,Tcharl,2,0.00753,6329,23.83894,26549
927,TeckniX,2,0.00753,6331,23.84647,26549
928,tempico,2,0.00753,6333,23.85401,26549
929,testphreak,2,0.00753,6335,23.86154,26549
930,tgross,2,0.00753,6337,23.86907,26549
931,thecubed,2,0.00753,6339,23.87661,26549
932,thedug,2,0.00753,6341,23.88414,26549
933,TheLoneRanger14,2,0.00753,6343,23.89167,26549
934,timcharper,2,0.00753,6345,23.89921,26549
935,timrizzi,2,0.00753,6347,23.90674,26549
936,tjhiggins,2,0.00753,6349,23.91427,26549
937,tnolet,2,0.00753,6351,23.92180,26549
938,tonicbupt,2,0.00753,6353,23.92934,26549
939,tphyahoo,2,0.00753,6355,23.93687,26549
940,Tronix117,2,0.00753,6357,23.94440,26549
941,tsing,2,0.00753,6359,23.95194,26549
942,tuan-phan,2,0.00753,6361,23.95947,26549
943,ulm0,2,0.00753,6363,23.96700,26549
944,undying,2,0.00753,6365,23.97454,26549
945,urzds,2,0.00753,6367,23.98207,26549
946,vikalyan,2,0.00753,6369,23.98960,26549
947,vinay-g,2,0.00753,6371,23.99714,26549
948,vitalyzhakov,2,0.00753,6373,24.00467,26549
949,vladkras,2,0.00753,6375,24.01220,26549
950,vmorris,2,0.00753,6377,24.01974,26549
951,waghpooja,2,0.00753,6379,24.02727,26549
952,waldiTM,2,0.00753,6381,24.03480,26549
953,wangchunyang,2,0.00753,6383,24.04234,26549
954,willy1920,2,0.00753,6385,24.04987,26549
955,wiryonolau,2,0.00753,6387,24.05740,26549
956,wsmidt,2,0.00753,6389,24.06494,26549
957,wwyhy,2,0.00753,6391,24.07247,26549
958,Wz5m165c,2,0.00753,6393,24.08000,26549
959,xarem,2,0.00753,6395,24.08754,26549
960,xiechengsheng,2,0.00753,6397,24.09507,26549
961,YannRobert,2,0.00753,6399,24.10260,26549
962,yanqicui,2,0.00753,6401,24.11014,26549
963,yofreke,2,0.00753,6403,24.11767,26549
964,younkim,2,0.00753,6405,24.12520,26549
965,ysagon,2,0.00753,6407,24.13274,26549
966,yuwamsft,2,0.00753,6409,24.14027,26549
967,zhang2639,2,0.00753,6411,24.14780,26549
968,zhxqgithub,2,0.00753,6413,24.15534,26549
969,zot24,2,0.00753,6415,24.16287,26549
970,zzclynn,2,0.00753,6417,24.17040,26549
971,13josh,1,0.00377,6418,24.17417,26549
972,149610,1,0.00377,6419,24.17794,26549
973,1605200517,1,0.00377,6420,24.18170,26549
974,18601673727,1,0.00377,6421,24.18547,26549
975,1lolbus1,1,0.00377,6422,24.18923,26549
976,2easy,1,0.00377,6423,24.19300,26549
977,374990191ls,1,0.00377,6424,24.19677,26549
978,3drepoinstaller,1,0.00377,6425,24.20053,26549
979,3Nigma,1,0.00377,6426,24.20430,26549
980,a1kemist,1,0.00377,6427,24.20807,26549
981,aaomidi,1,0.00377,6428,24.21183,26549
982,aario,1,0.00377,6429,24.21560,26549
983,abaumann,1,0.00377,6430,24.21937,26549
984,AbdelazimGalal,1,0.00377,6431,24.22313,26549
985,abhi-dwivedi,1,0.00377,6432,24.22690,26549
986,abhinav2215,1,0.00377,6433,24.23067,26549
987,abhishekkarigar,1,0.00377,6434,24.23443,26549
988,Abroxa,1,0.00377,6435,24.23820,26549
989,acierto,1,0.00377,6436,24.24197,26549
990,acron0,1,0.00377,6437,24.24573,26549
991,adalga,1,0.00377,6438,24.24950,26549
992,adamcohen,1,0.00377,6439,24.25327,26549
993,adamkdean,1,0.00377,6440,24.25703,26549
994,adaphi,1,0.00377,6441,24.26080,26549
995,adiachenko,1,0.00377,6442,24.26457,26549
996,adivis12,1,0.00377,6443,24.26833,26549
997,adnan-c,1,0.00377,6444,24.27210,26549
998,afrazkhan,1,0.00377,6445,24.27587,26549
999,agsmorodin,1,0.00377,6446,24.27963,26549
1000,ahamlinman,1,0.00377,6447,24.28340,26549
1001,aheTRe,1,0.00377,6448,24.28717,26549
1002,ahsannaseem,1,0.00377,6449,24.29093,26549
1003,aikomastboom,1,0.00377,6450,24.29470,26549
1004,akaspin,1,0.00377,6451,24.29847,26549
1005,akrasnov-drv,1,0.00377,6452,24.30223,26549
1006,AlaaAttya,1,0.00377,6453,24.30600,26549
1007,Albert65,1,0.00377,6454,24.30977,26549
1008,aleksamagicka,1,0.00377,6455,24.31353,26549
1009,aleksandr-vin,1,0.00377,6456,24.31730,26549
1010,aleksnikolic,1,0.00377,6457,24.32107,26549
1011,alexanderweber,1,0.00377,6458,24.32483,26549
1012,alexbadm,1,0.00377,6459,24.32860,26549
1013,alexey-boyko,1,0.00377,6460,24.33237,26549
1014,AlexKS777,1,0.00377,6461,24.33613,26549
1015,alex-mohemian,1,0.00377,6462,24.33990,26549
1016,alex-yoo,1,0.00377,6463,24.34367,26549
1017,alibowl,1,0.00377,6464,24.34743,26549
1018,AltairCA,1,0.00377,6465,24.35120,26549
1019,altostratous,1,0.00377,6466,24.35497,26549
1020,alvarolinarescabre,1,0.00377,6467,24.35873,26549
1021,amancevice,1,0.00377,6468,24.36250,26549
1022,ambrosektal,1,0.00377,6469,24.36627,26549
1023,andreasferber,1,0.00377,6470,24.37003,26549
1024,andrefernandes,1,0.00377,6471,24.37380,26549
1025,angelgruevski,1,0.00377,6472,24.37757,26549
1026,annirg,1,0.00377,6473,24.38133,26549
1027,anpartha,1,0.00377,6474,24.38510,26549
1028,Antauri,1,0.00377,6475,24.38887,26549
1029,antonbormotov,1,0.00377,6476,24.39263,26549
1030,antonioflaviofr,1,0.00377,6477,24.39640,26549
1031,antoniou,1,0.00377,6478,24.40017,26549
1032,antonkulaga,1,0.00377,6479,24.40393,26549
1033,AntonSmuit,1,0.00377,6480,24.40770,26549
1034,aostapenko,1,0.00377,6481,24.41147,26549
1035,apgmckay,1,0.00377,6482,24.41523,26549
1036,apollotonkosmo,1,0.00377,6483,24.41900,26549
1037,aptalca,1,0.00377,6484,24.42277,26549
1038,arabold,1,0.00377,6485,24.42653,26549
1039,ArdaXi,1,0.00377,6486,24.43030,26549
1040,argh,1,0.00377,6487,24.43407,26549
1041,arneluehrs,1,0.00377,6488,24.43783,26549
1042,arnobecksdv,1,0.00377,6489,24.44160,26549
1043,arthar360,1,0.00377,6490,24.44537,26549
1044,arthurd2,1,0.00377,6491,24.44913,26549
1045,ASHWINI-GUPTA,1,0.00377,6492,24.45290,26549
1046,astronouth7303,1,0.00377,6493,24.45667,26549
1047,ata-sql,1,0.00377,6494,24.46043,26549
1048,atc-,1,0.00377,6495,24.46420,26549
1049,atishpotdar,1,0.00377,6496,24.46796,26549
1050,atmosx,1,0.00377,6497,24.47173,26549
1051,aug-riedinger,1,0.00377,6498,24.47550,26549
1052,aurelijusbanelis,1,0.00377,6499,24.47926,26549
1053,avarf,1,0.00377,6500,24.48303,26549
1054,aveco-java,1,0.00377,6501,24.48680,26549
1055,averri,1,0.00377,6502,24.49056,26549
1056,avluis,1,0.00377,6503,24.49433,26549
1057,avtakkar,1,0.00377,6504,24.49810,26549
1058,awakecoding,1,0.00377,6505,24.50186,26549
1059,azpekt,1,0.00377,6506,24.50563,26549
1060,azplanlos,1,0.00377,6507,24.50940,26549
1061,b1f6c1c4,1,0.00377,6508,24.51316,26549
1062,b4dnewz,1,0.00377,6509,24.51693,26549
1063,babatundebusari,1,0.00377,6510,24.52070,26549
1064,bachya,1,0.00377,6511,24.52446,26549
1065,bakatest-me,1,0.00377,6512,24.52823,26549
1066,ballerabdude,1,0.00377,6513,24.53200,26549
1067,baloo,1,0.00377,6514,24.53576,26549
1068,bardware,1,0.00377,6515,24.53953,26549
1069,barnettZQG,1,0.00377,6516,24.54330,26549
1070,bausmeier,1,0.00377,6517,24.54706,26549
1071,beanssoft,1,0.00377,6518,24.55083,26549
1072,bechhansen,1,0.00377,6519,24.55460,26549
1073,bellaj,1,0.00377,6520,24.55836,26549
1074,BenHizak,1,0.00377,6521,24.56213,26549
1075,benjaminwootton,1,0.00377,6522,24.56590,26549
1076,BenLubar,1,0.00377,6523,24.56966,26549
1077,BenoitDuffez,1,0.00377,6524,24.57343,26549
1078,bhanushrestha,1,0.00377,6525,24.57720,26549
1079,bhaweshintouch,1,0.00377,6526,24.58096,26549
1080,bigsurge,1,0.00377,6527,24.58473,26549
1081,billchenchina,1,0.00377,6528,24.58850,26549
1082,bitsofinfo,1,0.00377,6529,24.59226,26549
1083,blackadmin,1,0.00377,6530,24.59603,26549
1084,blairg,1,0.00377,6531,24.59980,26549
1085,blechalupe,1,0.00377,6532,24.60356,26549
1086,blockmar,1,0.00377,6533,24.60733,26549
1087,bluecatchbird,1,0.00377,6534,24.61110,26549
1088,bluefeet,1,0.00377,6535,24.61486,26549
1089,bmillemathias,1,0.00377,6536,24.61863,26549
1090,boeremak,1,0.00377,6537,24.62240,26549
1091,bonanza123,1,0.00377,6538,24.62616,26549
1092,Bonkoodle,1,0.00377,6539,24.62993,26549
1093,bossjones,1,0.00377,6540,24.63370,26549
1094,bowlofeggs,1,0.00377,6541,24.63746,26549
1095,boxuan666,1,0.00377,6542,24.64123,26549
1096,bradfigler,1,0.00377,6543,24.64500,26549
1097,braedon,1,0.00377,6544,24.64876,26549
1098,BransonGitomeh,1,0.00377,6545,24.65253,26549
1099,branzo,1,0.00377,6546,24.65630,26549
1100,brenol,1,0.00377,6547,24.66006,26549
1101,brianjmurrell,1,0.00377,6548,24.66383,26549
1102,brian-maloney,1,0.00377,6549,24.66760,26549
1103,BrickXu,1,0.00377,6550,24.67136,26549
1104,brzepka,1,0.00377,6551,24.67513,26549
1105,burningTyger,1,0.00377,6552,24.67890,26549
1106,Burstaholic,1,0.00377,6553,24.68266,26549
1107,c0debreaker,1,0.00377,6554,24.68643,26549
1108,cadrians,1,0.00377,6555,24.69020,26549
1109,caillef,1,0.00377,6556,24.69396,26549
1110,cameron,1,0.00377,6557,24.69773,26549
1111,canit00,1,0.00377,6558,24.70150,26549
1112,capen,1,0.00377,6559,24.70526,26549
1113,carolfh,1,0.00377,6560,24.70903,26549
1114,cbraquet,1,0.00377,6561,24.71280,26549
1115,cbrunnkvist,1,0.00377,6562,24.71656,26549
1116,cdaringe,1,0.00377,6563,24.72033,26549
1117,CdeMills,1,0.00377,6564,24.72410,26549
1118,ceautery,1,0.00377,6565,24.72786,26549
1119,cetex,1,0.00377,6566,24.73163,26549
1120,cfanz,1,0.00377,6567,24.73539,26549
1121,cgebe,1,0.00377,6568,24.73916,26549
1122,changsijay,1,0.00377,6569,24.74293,26549
1123,charlyinalbon,1,0.00377,6570,24.74669,26549
1124,charz,1,0.00377,6571,24.75046,26549
1125,chenjie901,1,0.00377,6572,24.75423,26549
1126,chenjun3092,1,0.00377,6573,24.75799,26549
1127,chenww,1,0.00377,6574,24.76176,26549
1128,chimeworld,1,0.00377,6575,24.76553,26549
1129,chinaares,1,0.00377,6576,24.76929,26549
1130,chrisfilo,1,0.00377,6577,24.77306,26549
1131,chrishecker,1,0.00377,6578,24.77683,26549
1132,ChristopherHackett,1,0.00377,6579,24.78059,26549
1133,chuegle,1,0.00377,6580,24.78436,26549
1134,ciiiii,1,0.00377,6581,24.78813,26549
1135,cinlloc,1,0.00377,6582,24.79189,26549
1136,cknitt,1,0.00377,6583,24.79566,26549
1137,cl3mp,1,0.00377,6584,24.79943,26549
1138,cmeisinger,1,0.00377,6585,24.80319,26549
1139,cmorty,1,0.00377,6586,24.80696,26549
1140,CMYanko,1,0.00377,6587,24.81073,26549
1141,cnwarden,1,0.00377,6588,24.81449,26549
1142,coderjz,1,0.00377,6589,24.81826,26549
1143,codestation,1,0.00377,6590,24.82203,26549
1144,cognition,1,0.00377,6591,24.82579,26549
1145,collink,1,0.00377,6592,24.82956,26549
1146,connaryscott,1,0.00377,6593,24.83333,26549
1147,conradkleinespel,1,0.00377,6594,24.83709,26549
1148,cooljiansir,1,0.00377,6595,24.84086,26549
1149,cowsrule,1,0.00377,6596,24.84463,26549
1150,CptJason,1,0.00377,6597,24.84839,26549
1151,CptPlastic,1,0.00377,6598,24.85216,26549
1152,crazy-canux,1,0.00377,6599,24.85593,26549
1153,creekorful,1,0.00377,6600,24.85969,26549
1154,cristifalcas,1,0.00377,6601,24.86346,26549
1155,crw-riviere,1,0.00377,6602,24.86723,26549
1156,cshimmin,1,0.00377,6603,24.87099,26549
1157,csutorasr,1,0.00377,6604,24.87476,26549
1158,cuixin,1,0.00377,6605,24.87853,26549
1159,cultureulterior,1,0.00377,6606,24.88229,26549
1160,CyborTronik,1,0.00377,6607,24.88606,26549
1161,d23,1,0.00377,6608,24.88983,26549
1162,dachary,1,0.00377,6609,24.89359,26549
1163,daddyman,1,0.00377,6610,24.89736,26549
1164,dailyherold,1,0.00377,6611,24.90113,26549
1165,daltonmatos,1,0.00377,6612,24.90489,26549
1166,damnlie,1,0.00377,6613,24.90866,26549
1167,damntourists,1,0.00377,6614,24.91243,26549
1168,damoon,1,0.00377,6615,24.91619,26549
1169,dangra,1,0.00377,6616,24.91996,26549
1170,daniele3004,1,0.00377,6617,24.92373,26549
1171,danipl,1,0.00377,6618,24.92749,26549
1172,danleonard80,1,0.00377,6619,24.93126,26549
1173,dariusj18,1,0.00377,6620,24.93503,26549
1174,DarkDirk,1,0.00377,6621,24.93879,26549
1175,Darkeye9,1,0.00377,6622,24.94256,26549
1176,darkguy2008,1,0.00377,6623,24.94633,26549
1177,darlanalves,1,0.00377,6624,24.95009,26549
1178,Dartoxian,1,0.00377,6625,24.95386,26549
1179,dasm0012,1,0.00377,6626,24.95763,26549
1180,Datise,1,0.00377,6627,24.96139,26549
1181,davidbIQ,1,0.00377,6628,24.96516,26549
1182,Davilink,1,0.00377,6629,24.96893,26549
1183,dazinator,1,0.00377,6630,24.97269,26549
1184,db5207,1,0.00377,6631,24.97646,26549
1185,dbaba,1,0.00377,6632,24.98023,26549
1186,dbloms,1,0.00377,6633,24.98399,26549
1187,dcj,1,0.00377,6634,24.98776,26549
1188,dcmwong,1,0.00377,6635,24.99153,26549
1189,dcsos1700,1,0.00377,6636,24.99529,26549
1190,defendertx,1,0.00377,6637,24.99906,26549
1191,degano,1,0.00377,6638,25.00282,26549
1192,dehypnosis,1,0.00377,6639,25.00659,26549
1193,dennisxrow,1,0.00377,6640,25.01036,26549
1194,dentych,1,0.00377,6641,25.01412,26549
1195,depfish,1,0.00377,6642,25.01789,26549
1196,derick-schoonbee,1,0.00377,6643,25.02166,26549
1197,derJD,1,0.00377,6644,25.02542,26549
1198,deterralba,1,0.00377,6645,25.02919,26549
1199,devinea,1,0.00377,6646,25.03296,26549
1200,deviscalio,1,0.00377,6647,25.03672,26549
1201,dhavval,1,0.00377,6648,25.04049,26549
1202,d-helios,1,0.00377,6649,25.04426,26549
1203,DieterReuter,1,0.00377,6650,25.04802,26549
1204,dilin-MS,1,0.00377,6651,25.05179,26549
1205,dinhtrung,1,0.00377,6652,25.05556,26549
1206,DiskoJordan,1,0.00377,6653,25.05932,26549
1207,Divy123,1,0.00377,6654,25.06309,26549
1208,djuretic,1,0.00377,6655,25.06686,26549
1209,dmilltech,1,0.00377,6656,25.07062,26549
1210,dmitrif,1,0.00377,6657,25.07439,26549
1211,DmitriyMV,1,0.00377,6658,25.07816,26549
1212,dnwake,1,0.00377,6659,25.08192,26549
1213,doctornkz,1,0.00377,6660,25.08569,26549
1214,dogukancagatay,1,0.00377,6661,25.08946,26549
1215,dolanor,1,0.00377,6662,25.09322,26549
1216,dolphyvn,1,0.00377,6663,25.09699,26549
1217,donnib,1,0.00377,6664,25.10076,26549
1218,dorgan,1,0.00377,6665,25.10452,26549
1219,dozer75,1,0.00377,6666,25.10829,26549
1220,drawsmcgraw,1,0.00377,6667,25.11206,26549
1221,drnybble,1,0.00377,6668,25.11582,26549
1222,ds2k5,1,0.00377,6669,25.11959,26549
1223,dsanders11,1,0.00377,6670,25.12336,26549
1224,dtmistry,1,0.00377,6671,25.12712,26549
1225,dtucny,1,0.00377,6672,25.13089,26549
1226,duckfullstop,1,0.00377,6673,25.13466,26549
1227,dumyan,1,0.00377,6674,25.13842,26549
1228,dundir,1,0.00377,6675,25.14219,26549
1229,dustinmoris,1,0.00377,6676,25.14596,26549
1230,dvdnhm,1,0.00377,6677,25.14972,26549
1231,dwimberger,1,0.00377,6678,25.15349,26549
1232,dynek,1,0.00377,6679,25.15726,26549
1233,eamonnfaherty,1,0.00377,6680,25.16102,26549
1234,eaoliver,1,0.00377,6681,25.16479,26549
1235,ed11e,1,0.00377,6682,25.16856,26549
1236,Ed-88,1,0.00377,6683,25.17232,26549
1237,ederst,1,0.00377,6684,25.17609,26549
1238,eebjr,1,0.00377,6685,25.17986,26549
1239,eegiimgl,1,0.00377,6686,25.18362,26549
1240,egidijus,1,0.00377,6687,25.18739,26549
1241,egorpushkin,1,0.00377,6688,25.19116,26549
1242,ehames,1,0.00377,6689,25.19492,26549
1243,eiabea,1,0.00377,6690,25.19869,26549
1244,ejoso,1,0.00377,6691,25.20246,26549
1245,elgeorge2k,1,0.00377,6692,25.20622,26549
1246,EliasGabrielsson,1,0.00377,6693,25.20999,26549
1247,eli-osherovich,1,0.00377,6694,25.21376,26549
1248,elmicha,1,0.00377,6695,25.21752,26549
1249,emailtovinod,1,0.00377,6696,25.22129,26549
1250,emanation,1,0.00377,6697,25.22506,26549
1251,ericcontainer,1,0.00377,6698,25.22882,26549
1252,erkanzileli,1,0.00377,6699,25.23259,26549
1253,ernestoalejandro,1,0.00377,6700,25.23636,26549
1254,erolg,1,0.00377,6701,25.24012,26549
1255,eugene-hetzner,1,0.00377,6702,25.24389,26549
1256,evildao,1,0.00377,6703,25.24766,26549
1257,ezeeetm,1,0.00377,6704,25.25142,26549
1258,ezzy1337,1,0.00377,6705,25.25519,26549
1259,falnos24865,1,0.00377,6706,25.25896,26549
1260,fanux,1,0.00377,6707,25.26272,26549
1261,farshidtz,1,0.00377,6708,25.26649,26549
1262,Fefke,1,0.00377,6709,25.27026,26549
1263,feixia5712,1,0.00377,6710,25.27402,26549
1264,felipeek,1,0.00377,6711,25.27779,26549
1265,fermayo,1,0.00377,6712,25.28155,26549
1266,fethican,1,0.00377,6713,25.28532,26549
1267,filipeguarino,1,0.00377,6714,25.28909,26549
1268,fishingfly,1,0.00377,6715,25.29285,26549
1269,flaminc,1,0.00377,6716,25.29662,26549
1270,flhofer,1,0.00377,6717,25.30039,26549
1271,flisboac,1,0.00377,6718,25.30415,26549
1272,FlorinAlexandru,1,0.00377,6719,25.30792,26549
1273,FlorisE,1,0.00377,6720,25.31169,26549
1274,frank-dspeed,1,0.00377,6721,25.31545,26549
1275,frntn,1,0.00377,6722,25.31922,26549
1276,fthamura,1,0.00377,6723,25.32299,26549
1277,Fundebug,1,0.00377,6724,25.32675,26549
1278,FurryCyanFox,1,0.00377,6725,25.33052,26549
1279,Fusl,1,0.00377,6726,25.33429,26549
1280,futjikato,1,0.00377,6727,25.33805,26549
1281,gabenell,1,0.00377,6728,25.34182,26549
1282,GadgetSteve,1,0.00377,6729,25.34559,26549
1283,gameunite,1,0.00377,6730,25.34935,26549
1284,Gandalf-,1,0.00377,6731,25.35312,26549
1285,gaopeiliang,1,0.00377,6732,25.35689,26549
1286,gbenmansour,1,0.00377,6733,25.36065,26549
1287,gbvikas,1,0.00377,6734,25.36442,26549
1288,gdeverlant,1,0.00377,6735,25.36819,26549
1289,geku,1,0.00377,6736,25.37195,26549
1290,gempesaw,1,0.00377,6737,25.37572,26549
1291,generalov,1,0.00377,6738,25.37949,26549
1292,gergelypolonkai,1,0.00377,6739,25.38325,26549
1293,ggaugry,1,0.00377,6740,25.38702,26549
1294,ghairui,1,0.00377,6741,25.39079,26549
1295,giansalex,1,0.00377,6742,25.39455,26549
1296,GijsWeterings,1,0.00377,6743,25.39832,26549
1297,gijzelaerr,1,0.00377,6744,25.40209,26549
1298,gimmi,1,0.00377,6745,25.40585,26549
1299,gisjedi,1,0.00377,6746,25.40962,26549
1300,gitbeyond,1,0.00377,6747,25.41339,26549
1301,gjamnitz,1,0.00377,6748,25.41715,26549
1302,Gmentsik,1,0.00377,6749,25.42092,26549
1303,gomezd,1,0.00377,6750,25.42469,26549
1304,goodevilgenius,1,0.00377,6751,25.42845,26549
1305,GowrishankarGeek,1,0.00377,6752,25.43222,26549
1306,gpapin,1,0.00377,6753,25.43599,26549
1307,gravin,1,0.00377,6754,25.43975,26549
1308,graywh,1,0.00377,6755,25.44352,26549
1309,greatbn,1,0.00377,6756,25.44729,26549
1310,gregori-goossens,1,0.00377,6757,25.45105,26549
1311,greyarch,1,0.00377,6758,25.45482,26549
1312,grid-kc,1,0.00377,6759,25.45859,26549
1313,Grief,1,0.00377,6760,25.46235,26549
1314,gsainagendraprasad,1,0.00377,6761,25.46612,26549
1315,Gscienty,1,0.00377,6762,25.46989,26549
1316,gunboe,1,0.00377,6763,25.47365,26549
1317,gusarov,1,0.00377,6764,25.47742,26549
1318,guyson,1,0.00377,6765,25.48119,26549
1319,gweis,1,0.00377,6766,25.48495,26549
1320,h6w,1,0.00377,6767,25.48872,26549
1321,hacst,1,0.00377,6768,25.49249,26549
1322,hadmut,1,0.00377,6769,25.49625,26549
1323,haimschindler,1,0.00377,6770,25.50002,26549
1324,Hanarion,1,0.00377,6771,25.50379,26549
1325,hanscees,1,0.00377,6772,25.50755,26549
1326,hantan1016,1,0.00377,6773,25.51132,26549
1327,hasonhai,1,0.00377,6774,25.51509,26549
1328,Hassanzadeh-sd,1,0.00377,6775,25.51885,26549
1329,hassim-vineti,1,0.00377,6776,25.52262,26549
1330,hbellafkir,1,0.00377,6777,25.52639,26549
1331,HeathNaylor,1,0.00377,6778,25.53015,26549
1332,hectoragb,1,0.00377,6779,25.53392,26549
1333,hectorbolivar,1,0.00377,6780,25.53769,26549
1334,Heermosi,1,0.00377,6781,25.54145,26549
1335,helphi,1,0.00377,6782,25.54522,26549
1336,heyman,1,0.00377,6783,25.54898,26549
1337,hgaikwad,1,0.00377,6784,25.55275,26549
1338,hktalent,1,0.00377,6785,25.55652,26549
1339,hobbeswalsh,1,0.00377,6786,25.56028,26549
1340,hobbytp,1,0.00377,6787,25.56405,26549
1341,holgerreif,1,0.00377,6788,25.56782,26549
1342,HomeLH,1,0.00377,6789,25.57158,26549
1343,hongli-my,1,0.00377,6790,25.57535,26549
1344,Hong-Revo,1,0.00377,6791,25.57912,26549
1345,hoppipolla-,1,0.00377,6792,25.58288,26549
1346,HowJMay,1,0.00377,6793,25.58665,26549
1347,hrpatel,1,0.00377,6794,25.59042,26549
1348,HubertKaluzny,1,0.00377,6795,25.59418,26549
1349,hugo4711,1,0.00377,6796,25.59795,26549
1350,hulu1522,1,0.00377,6797,25.60172,26549
1351,huornlmj,1,0.00377,6798,25.60548,26549
1352,huww98,1,0.00377,6799,25.60925,26549
1353,iamlittle,1,0.00377,6800,25.61302,26549
1354,Ianc22,1,0.00377,6801,25.61678,26549
1355,iandrewdunn,1,0.00377,6802,25.62055,26549
1356,iaon,1,0.00377,6803,25.62432,26549
1357,idioter,1,0.00377,6804,25.62808,26549
1358,igcherkaev,1,0.00377,6805,25.63185,26549
1359,igmor,1,0.00377,6806,25.63562,26549
1360,IgnacioHR,1,0.00377,6807,25.63938,26549
1361,Ignacy-s,1,0.00377,6808,25.64315,26549
1362,imendi,1,0.00377,6809,25.64692,26549
1363,incu6us,1,0.00377,6810,25.65068,26549
1364,incubos,1,0.00377,6811,25.65445,26549
1365,IngoHeimbach,1,0.00377,6812,25.65822,26549
1366,inka,1,0.00377,6813,25.66198,26549
1367,innocent-wang,1,0.00377,6814,25.66575,26549
1368,innovate-invent,1,0.00377,6815,25.66952,26549
1369,IoanaStanescu,1,0.00377,6816,25.67328,26549
1370,ionutnechita,1,0.00377,6817,25.67705,26549
1371,IronWolve,1,0.00377,6818,25.68082,26549
1372,isp14,1,0.00377,6819,25.68458,26549
1373,Itheme,1,0.00377,6820,25.68835,26549
1374,itsecforu,1,0.00377,6821,25.69212,26549
1375,itsmesavinay,1,0.00377,6822,25.69588,26549
1376,j4zzcat,1,0.00377,6823,25.69965,26549
1377,jackivanov,1,0.00377,6824,25.70342,26549
1378,jackpgriffin,1,0.00377,6825,25.70718,26549
1379,JakeMoh,1,0.00377,6826,25.71095,26549
1380,jalmansor,1,0.00377,6827,25.71472,26549
1381,james-mchugh,1,0.00377,6828,25.71848,26549
1382,JamesWrigley,1,0.00377,6829,25.72225,26549
1383,JamieGarside,1,0.00377,6830,25.72602,26549
1384,jamshidian,1,0.00377,6831,25.72978,26549
1385,janaurka,1,0.00377,6832,25.73355,26549
1386,janbeerden,1,0.00377,6833,25.73732,26549
1387,jansauer,1,0.00377,6834,25.74108,26549
1388,janson087,1,0.00377,6835,25.74485,26549
1389,jarmoni,1,0.00377,6836,25.74862,26549
1390,jas99,1,0.00377,6837,25.75238,26549
1391,jasonzio,1,0.00377,6838,25.75615,26549
1392,jatinchhabra1,1,0.00377,6839,25.75992,26549
1393,javieryanez,1,0.00377,6840,25.76368,26549
1394,jawaid,1,0.00377,6841,25.76745,26549
1395,jazoom,1,0.00377,6842,25.77122,26549
1396,jbjornson,1,0.00377,6843,25.77498,26549
1397,jcnnghm,1,0.00377,6844,25.77875,26549
1398,jcontreras000,1,0.00377,6845,25.78252,26549
1399,jdadamsibm,1,0.00377,6846,25.78628,26549
1400,jdavid5815,1,0.00377,6847,25.79005,26549
1401,jdonald,1,0.00377,6848,25.79382,26549
1402,jean-christophe-manciot,1,0.00377,6849,25.79758,26549
1403,jeanfrancoislarente,1,0.00377,6850,25.80135,26549
1404,jean-loup-adde,1,0.00377,6851,25.80512,26549
1405,JeanMertz,1,0.00377,6852,25.80888,26549
1406,jedwards1211,1,0.00377,6853,25.81265,26549
1407,jeid64,1,0.00377,6854,25.81641,26549
1408,jekil,1,0.00377,6855,25.82018,26549
1409,jelmd,1,0.00377,6856,25.82395,26549
1410,jensfinnas,1,0.00377,6857,25.82771,26549
1411,jerbia,1,0.00377,6858,25.83148,26549
1412,Jerk-Merthy,1,0.00377,6859,25.83525,26549
1413,Jerredr,1,0.00377,6860,25.83901,26549
1414,jessicalucci,1,0.00377,6861,25.84278,26549
1415,jferr,1,0.00377,6862,25.84655,26549
1416,jg110,1,0.00377,6863,25.85031,26549
1417,jhaals,1,0.00377,6864,25.85408,26549
1418,Jhon0510,1,0.00377,6865,25.85785,26549
1419,jiarongxu1,1,0.00377,6866,25.86161,26549
1420,JigarJoshi04,1,0.00377,6867,25.86538,26549
1421,jimmytoan,1,0.00377,6868,25.86915,26549
1422,jimongit,1,0.00377,6869,25.87291,26549
1423,jjamor,1,0.00377,6870,25.87668,26549
1424,jkzhao,1,0.00377,6871,25.88045,26549
1425,jlrigau,1,0.00377,6872,25.88421,26549
1426,jmarchant,1,0.00377,6873,25.88798,26549
1427,joaodrp,1,0.00377,6874,25.89175,26549
1428,joao-parana,1,0.00377,6875,25.89551,26549
1429,joaquin386,1,0.00377,6876,25.89928,26549
1430,jochen42,1,0.00377,6877,25.90305,26549
1431,joekohut,1,0.00377,6878,25.90681,26549
1432,joemcmahon,1,0.00377,6879,25.91058,26549
1433,joeylin,1,0.00377,6880,25.91435,26549
1434,john-mclean,1,0.00377,6881,25.91811,26549
1435,jokeyrhyme,1,0.00377,6882,25.92188,26549
1436,joltup,1,0.00377,6883,25.92565,26549
1437,jonathan-mothership,1,0.00377,6884,25.92941,26549
1438,jonathanperret,1,0.00377,6885,25.93318,26549
1439,JordanSussman,1,0.00377,6886,25.93695,26549
1440,jostyee,1,0.00377,6887,25.94071,26549
1441,jpelzer,1,0.00377,6888,25.94448,26549
1442,jp-gouigoux,1,0.00377,6889,25.94825,26549
1443,jrbeilke,1,0.00377,6890,25.95201,26549
1444,jsengla,1,0.00377,6891,25.95578,26549
1445,jsumners,1,0.00377,6892,25.95955,26549
1446,jtbcgdv,1,0.00377,6893,25.96331,26549
1447,jubalh,1,0.00377,6894,25.96708,26549
1448,junoyoon,1,0.00377,6895,25.97085,26549
1449,Just4test,1,0.00377,6896,25.97461,26549
1450,justintanner,1,0.00377,6897,25.97838,26549
1451,JVimes,1,0.00377,6898,25.98215,26549
1452,jwatte,1,0.00377,6899,25.98591,26549
1453,jwnardini,1,0.00377,6900,25.98968,26549
1454,Jym77,1,0.00377,6901,25.99345,26549
1455,Kaffa-MY,1,0.00377,6902,25.99721,26549
1456,kalesastha,1,0.00377,6903,26.00098,26549
1457,kamynina,1,0.00377,6904,26.00475,26549
1458,kaosko,1,0.00377,6905,26.00851,26549
1459,karimbzu,1,0.00377,6906,26.01228,26549
1460,karippery,1,0.00377,6907,26.01605,26549
1461,kartikvvashishta,1,0.00377,6908,26.01981,26549
1462,kcmerrill,1,0.00377,6909,26.02358,26549
1463,KDGundermann,1,0.00377,6910,26.02735,26549
1464,KeaganFouche,1,0.00377,6911,26.03111,26549
1465,keerthiadu,1,0.00377,6912,26.03488,26549
1466,kelly-ann,1,0.00377,6913,26.03865,26549
1467,kenael,1,0.00377,6914,26.04241,26549
1468,kennethlimcp,1,0.00377,6915,26.04618,26549
1469,kennoosh,1,0.00377,6916,26.04995,26549
1470,kenny1986,1,0.00377,6917,26.05371,26549
1471,kennydaniel,1,0.00377,6918,26.05748,26549
1472,kernelpig,1,0.00377,6919,26.06125,26549
1473,kethansrinivas9,1,0.00377,6920,26.06501,26549
1474,ketoiloihp,1,0.00377,6921,26.06878,26549
1475,KhurramSSiddiqui,1,0.00377,6922,26.07255,26549
1476,KingScooty,1,0.00377,6923,26.07631,26549
1477,kirill-linnik,1,0.00377,6924,26.08008,26549
1478,kklin,1,0.00377,6925,26.08384,26549
1479,Klaas-,1,0.00377,6926,26.08761,26549
1480,klebediev,1,0.00377,6927,26.09138,26549
1481,knopka,1,0.00377,6928,26.09514,26549
1482,koder-ua,1,0.00377,6929,26.09891,26549
1483,KoenDierckx,1,0.00377,6930,26.10268,26549
1484,koglinjg,1,0.00377,6931,26.10644,26549
1485,komuw,1,0.00377,6932,26.11021,26549
1486,Kralexwa,1,0.00377,6933,26.11398,26549
1487,kramarmm,1,0.00377,6934,26.11774,26549
1488,krd78,1,0.00377,6935,26.12151,26549
1489,krunerge,1,0.00377,6936,26.12528,26549
1490,kshlm-ddl,1,0.00377,6937,26.12904,26549
1491,kuba-chledowski,1,0.00377,6938,26.13281,26549
1492,kuijp,1,0.00377,6939,26.13658,26549
1493,kuriot,1,0.00377,6940,26.14034,26549
1494,kyprifog,1,0.00377,6941,26.14411,26549
1495,lalitlsg,1,0.00377,6942,26.14788,26549
1496,lamba92,1,0.00377,6943,26.15164,26549
1497,landswellsong,1,0.00377,6944,26.15541,26549
1498,Laputa-Yang,1,0.00377,6945,26.15918,26549
1499,lavadiablo,1,0.00377,6946,26.16294,26549
1500,ldanilek,1,0.00377,6947,26.16671,26549
1501,LeandroPT,1,0.00377,6948,26.17048,26549
1502,leftbrake,1,0.00377,6949,26.17424,26549
1503,leoh0,1,0.00377,6950,26.17801,26549
1504,lewandom,1,0.00377,6951,26.18178,26549
1505,lgaida,1,0.00377,6952,26.18554,26549
1506,Lhmily,1,0.00377,6953,26.18931,26549
1507,liarco,1,0.00377,6954,26.19308,26549
1508,Lickkylee,1,0.00377,6955,26.19684,26549
1509,lifeisfoo,1,0.00377,6956,26.20061,26549
1510,lightmaster,1,0.00377,6957,26.20438,26549
1511,linlinlinlin,1,0.00377,6958,26.20814,26549
1512,LINXUEZHAO,1,0.00377,6959,26.21191,26549
1513,liubaishui,1,0.00377,6960,26.21568,26549
1514,liudongbo123,1,0.00377,6961,26.21944,26549
1515,liuwanzhi,1,0.00377,6962,26.22321,26549
1516,LIUXUCHONG,1,0.00377,6963,26.22698,26549
1517,lmesz,1,0.00377,6964,26.23074,26549
1518,lnshi,1,0.00377,6965,26.23451,26549
1519,locinus,1,0.00377,6966,26.23828,26549
1520,logichard,1,0.00377,6967,26.24204,26549
1521,lordadamson,1,0.00377,6968,26.24581,26549
1522,lorevan,1,0.00377,6969,26.24958,26549
1523,lostiniceland,1,0.00377,6970,26.25334,26549
1524,lrowe,1,0.00377,6971,26.25711,26549
1525,lsamayoa,1,0.00377,6972,26.26088,26549
1526,ltworf,1,0.00377,6973,26.26464,26549
1527,luc122c,1,0.00377,6974,26.26841,26549
1528,LuckStone,1,0.00377,6975,26.27218,26549
1529,LukaszStem,1,0.00377,6976,26.27594,26549
1530,luke-park,1,0.00377,6977,26.27971,26549
1531,luongnv89,1,0.00377,6978,26.28348,26549
1532,lurenjia528,1,0.00377,6979,26.28724,26549
1533,lutaoact,1,0.00377,6980,26.29101,26549
1534,lvella,1,0.00377,6981,26.29478,26549
1535,lwimmer,1,0.00377,6982,26.29854,26549
1536,m4dm4rtig4n,1,0.00377,6983,26.30231,26549
1537,macsteps,1,0.00377,6984,26.30608,26549
1538,madhokie,1,0.00377,6985,26.30984,26549
1539,madonius,1,0.00377,6986,26.31361,26549
1540,madozu,1,0.00377,6987,26.31738,26549
1541,manjitkumar,1,0.00377,6988,26.32114,26549
1542,maquanyi,1,0.00377,6989,26.32491,26549
1543,marc-swingler,1,0.00377,6990,26.32868,26549
1544,maresb,1,0.00377,6991,26.33244,26549
1545,margach,1,0.00377,6992,26.33621,26549
1546,Mark3K,1,0.00377,6993,26.33998,26549
1547,MarkMielke,1,0.00377,6994,26.34374,26549
1548,markusu49,1,0.00377,6995,26.34751,26549
1549,MartinMikita,1,0.00377,6996,26.35128,26549
1550,MaRuifeng,1,0.00377,6997,26.35504,26549
1551,marvelliu,1,0.00377,6998,26.35881,26549
1552,mateuszdrab,1,0.00377,6999,26.36257,26549
1553,mathse,1,0.00377,7000,26.36634,26549
1554,maticmeznar,1,0.00377,7001,26.37011,26549
1555,matrixise,1,0.00377,7002,26.37387,26549
1556,mattdr,1,0.00377,7003,26.37764,26549
1557,mattenklicker,1,0.00377,7004,26.38141,26549
1558,matthanley,1,0.00377,7005,26.38517,26549
1559,matthewwiesen,1,0.00377,7006,26.38894,26549
1560,mauri,1,0.00377,7007,26.39271,26549
1561,maxim-nazarenko,1,0.00377,7008,26.39647,26549
1562,maxio,1,0.00377,7009,26.40024,26549
1563,max-mykhailenko,1,0.00377,7010,26.40401,26549
1564,m-barthelemy,1,0.00377,7011,26.40777,26549
1565,mbrooks,1,0.00377,7012,26.41154,26549
1566,mchenx,1,0.00377,7013,26.41531,26549
1567,mdwheele,1,0.00377,7014,26.41907,26549
1568,melon,1,0.00377,7015,26.42284,26549
1569,memotype,1,0.00377,7016,26.42661,26549
1570,mente,1,0.00377,7017,26.43037,26549
1571,metalcamp,1,0.00377,7018,26.43414,26549
1572,mg03,1,0.00377,7019,26.43791,26549
1573,mgutt,1,0.00377,7020,26.44167,26549
1574,micahstubbs,1,0.00377,7021,26.44544,26549
1575,MichaelBitard,1,0.00377,7022,26.44921,26549
1576,michal-ciechan,1,0.00377,7023,26.45297,26549
1577,mickours,1,0.00377,7024,26.45674,26549
1578,midihenry,1,0.00377,7025,26.46051,26549
1579,miguelcostaUI,1,0.00377,7026,26.46427,26549
1580,Mikep86,1,0.00377,7027,26.46804,26549
1581,mikewootini,1,0.00377,7028,26.47181,26549
1582,miquella,1,0.00377,7029,26.47557,26549
1583,misterbisson,1,0.00377,7030,26.47934,26549
1584,mitchhh22,1,0.00377,7031,26.48311,26549
1585,mjburling,1,0.00377,7032,26.48687,26549
1586,mkanderson,1,0.00377,7033,26.49064,26549
1587,mkjaer,1,0.00377,7034,26.49441,26549
1588,mkobrosli,1,0.00377,7035,26.49817,26549
1589,mkrogh,1,0.00377,7036,26.50194,26549
1590,mkubenka,1,0.00377,7037,26.50571,26549
1591,mkubilus,1,0.00377,7038,26.50947,26549
1592,mlabouardy,1,0.00377,7039,26.51324,26549
1593,mluis,1,0.00377,7040,26.51701,26549
1594,mofirouz,1,0.00377,7041,26.52077,26549
1595,MohsenBS,1,0.00377,7042,26.52454,26549
1596,molian6,1,0.00377,7043,26.52831,26549
1597,moooofly,1,0.00377,7044,26.53207,26549
1598,MoritzWilde,1,0.00377,7045,26.53584,26549
1599,moshe0076,1,0.00377,7046,26.53961,26549
1600,movergan,1,0.00377,7047,26.54337,26549
1601,mpetrikov,1,0.00377,7048,26.54714,26549
1602,mrjanos,1,0.00377,7049,26.55091,26549
1603,msbecker,1,0.00377,7050,26.55467,26549
1604,mschangibm,1,0.00377,7051,26.55844,26549
1605,mschnepf,1,0.00377,7052,26.56221,26549
1606,mtttcgcg,1,0.00377,7053,26.56597,26549
1607,mugartec,1,0.00377,7054,26.56974,26549
1608,mwagg,1,0.00377,7055,26.57351,26549
1609,mwoodland,1,0.00377,7056,26.57727,26549
1610,Myp,1,0.00377,7057,26.58104,26549
1611,mzaglia,1,0.00377,7058,26.58481,26549
1612,n1tr0g,1,0.00377,7059,26.58857,26549
1613,naag,1,0.00377,7060,26.59234,26549
1614,naibaf0,1,0.00377,7061,26.59611,26549
1615,nateww,1,0.00377,7062,26.59987,26549
1616,nathan7,1,0.00377,7063,26.60364,26549
1617,nathanleiby,1,0.00377,7064,26.60741,26549
1618,NathanRSmith,1,0.00377,7065,26.61117,26549
1619,naviot,1,0.00377,7066,26.61494,26549
1620,nayrangnu,1,0.00377,7067,26.61871,26549
1621,negarnegma,1,0.00377,7068,26.62247,26549
1622,Negashev,1,0.00377,7069,26.62624,26549
1623,neurodesign,1,0.00377,7070,26.63000,26549
1624,nfacha,1,0.00377,7071,26.63377,26549
1625,nickpendleton,1,0.00377,7072,26.63754,26549
1626,nightah,1,0.00377,7073,26.64130,26549
1627,nikandlv,1,0.00377,7074,26.64507,26549
1628,nikolay-te,1,0.00377,7075,26.64884,26549
1629,NimaVaziri,1,0.00377,7076,26.65260,26549
1630,nimicohgr,1,0.00377,7077,26.65637,26549
1631,Nishant-Pathak,1,0.00377,7078,26.66014,26549
1632,nohaapav,1,0.00377,7079,26.66390,26549
1633,noonehos,1,0.00377,7080,26.66767,26549
1634,NoPerfectName,1,0.00377,7081,26.67144,26549
1635,nottings,1,0.00377,7082,26.67520,26549
1636,nowol79,1,0.00377,7083,26.67897,26549
1637,nritholtz,1,0.00377,7084,26.68274,26549
1638,nsaboo,1,0.00377,7085,26.68650,26549
1639,nycholas,1,0.00377,7086,26.69027,26549
1640,oanogin,1,0.00377,7087,26.69404,26549
1641,ocasta,1,0.00377,7088,26.69780,26549
1642,odeng888,1,0.00377,7089,26.70157,26549
1643,odg0318,1,0.00377,7090,26.70534,26549
1644,oeymere,1,0.00377,7091,26.70910,26549
1645,offero,1,0.00377,7092,26.71287,26549
1646,OmarLatrach,1,0.00377,7093,26.71664,26549
1647,omercnet,1,0.00377,7094,26.72040,26549
1648,omerxx,1,0.00377,7095,26.72417,26549
1649,ooxiaohan,1,0.00377,7096,26.72794,26549
1650,openjack,1,0.00377,7097,26.73170,26549
1651,orenam,1,0.00377,7098,26.73547,26549
1652,orifito,1,0.00377,7099,26.73924,26549
1653,orlade,1,0.00377,7100,26.74300,26549
1654,otheus,1,0.00377,7101,26.74677,26549
1655,otmb,1,0.00377,7102,26.75054,26549
1656,overplumbum,1,0.00377,7103,26.75430,26549
1657,OvervCW,1,0.00377,7104,26.75807,26549
1658,oxygen0211,1,0.00377,7105,26.76184,26549
1659,p0tt8r,1,0.00377,7106,26.76560,26549
1660,P1ng-W1n,1,0.00377,7107,26.76937,26549
1661,paksv,1,0.00377,7108,26.77314,26549
1662,parisk,1,0.00377,7109,26.77690,26549
1663,Parth,1,0.00377,7110,26.78067,26549
1664,Paul0523,1,0.00377,7111,26.78444,26549
1665,pdericson,1,0.00377,7112,26.78820,26549
1666,pedro2555,1,0.00377,7113,26.79197,26549
1667,peeyush-es,1,0.00377,7114,26.79574,26549
1668,PenelopeFudd,1,0.00377,7115,26.79950,26549
1669,peterlynch,1,0.00377,7116,26.80327,26549
1670,petrjahoda,1,0.00377,7117,26.80704,26549
1671,phdowling,1,0.00377,7118,26.81080,26549
1672,pheonix991,1,0.00377,7119,26.81457,26549
1673,phijohns-tibco,1,0.00377,7120,26.81834,26549
1674,philm,1,0.00377,7121,26.82210,26549
1675,phod,1,0.00377,7122,26.82587,26549
1676,phs,1,0.00377,7123,26.82964,26549
1677,phuctranhoang,1,0.00377,7124,26.83340,26549
1678,phuihock,1,0.00377,7125,26.83717,26549
1679,pieterlukasse,1,0.00377,7126,26.84094,26549
1680,pilosus,1,0.00377,7127,26.84470,26549
1681,plemelin,1,0.00377,7128,26.84847,26549
1682,pmead,1,0.00377,7129,26.85224,26549
1683,pnull,1,0.00377,7130,26.85600,26549
1684,podarok,1,0.00377,7131,26.85977,26549
1685,podollb,1,0.00377,7132,26.86354,26549
1686,Polapan,1,0.00377,7133,26.86730,26549
1687,poon64,1,0.00377,7134,26.87107,26549
1688,PotHix,1,0.00377,7135,26.87484,26549
1689,pradeepkumards,1,0.00377,7136,26.87860,26549
1690,pranay-91,1,0.00377,7137,26.88237,26549
1691,pratyushpatelok,1,0.00377,7138,26.88614,26549
1692,programmerq,1,0.00377,7139,26.88990,26549
1693,Pruthvi08,1,0.00377,7140,26.89367,26549
1694,pstauffer,1,0.00377,7141,26.89743,26549
1695,psykeron,1,0.00377,7142,26.90120,26549
1696,pszczekutowicz,1,0.00377,7143,26.90497,26549
1697,ptman,1,0.00377,7144,26.90873,26549
1698,ptype,1,0.00377,7145,26.91250,26549
1699,Puneeth-n,1,0.00377,7146,26.91627,26549
1700,purdel,1,0.00377,7147,26.92003,26549
1701,Purushotham233,1,0.00377,7148,26.92380,26549
1702,pycal,1,0.00377,7149,26.92757,26549
1703,qmnonic,1,0.00377,7150,26.93133,26549
1704,Quentinb,1,0.00377,7151,26.93510,26549
1705,quynhdang-vt,1,0.00377,7152,26.93887,26549
1706,r0ss3,1,0.00377,7153,26.94263,26549
1707,r7l,1,0.00377,7154,26.94640,26549
1708,raam86,1,0.00377,7155,26.95017,26549
1709,rabb1t,1,0.00377,7156,26.95393,26549
1710,RainerW,1,0.00377,7157,26.95770,26549
1711,rajaneeshk1990,1,0.00377,7158,26.96147,26549
1712,rajivml,1,0.00377,7159,26.96523,26549
1713,rajputvishwas,1,0.00377,7160,26.96900,26549
1714,rakotomandimby,1,0.00377,7161,26.97277,26549
1715,ramnathnayakpr,1,0.00377,7162,26.97653,26549
1716,randytan,1,0.00377,7163,26.98030,26549
1717,RantyDave,1,0.00377,7164,26.98407,26549
1718,raof01,1,0.00377,7165,26.98783,26549
1719,raphaelrodrigues,1,0.00377,7166,26.99160,26549
1720,raspasov,1,0.00377,7167,26.99537,26549
1721,rcjsuen,1,0.00377,7168,26.99913,26549
1722,rdoering,1,0.00377,7169,27.00290,26549
1723,realityone,1,0.00377,7170,27.00667,26549
1724,realreadmedotcom,1,0.00377,7171,27.01043,26549
1725,reducm,1,0.00377,7172,27.01420,26549
1726,rektide,1,0.00377,7173,27.01797,26549
1727,remy-bcz,1,0.00377,7174,27.02173,26549
1728,reski-rukmantiyo,1,0.00377,7175,27.02550,26549
1729,respire,1,0.00377,7176,27.02927,26549
1730,ReyRen,1,0.00377,7177,27.03303,26549
1731,rezroo,1,0.00377,7178,27.03680,26549
1732,rgruyters,1,0.00377,7179,27.04057,26549
1733,rhuddleston,1,0.00377,7180,27.04433,26549
1734,ricardolimaui,1,0.00377,7181,27.04810,26549
1735,RichardEb,1,0.00377,7182,27.05187,26549
1736,Richard-Payne,1,0.00377,7183,27.05563,26549
1737,rick1vas,1,0.00377,7184,27.05940,26549
1738,rickmed,1,0.00377,7185,27.06317,26549
1739,RickyCaoCao,1,0.00377,7186,27.06693,26549
1740,rikoe,1,0.00377,7187,27.07070,26549
1741,ripatil,1,0.00377,7188,27.07447,26549
1742,ritarya,1,0.00377,7189,27.07823,26549
1743,RJSzynal,1,0.00377,7190,27.08200,26549
1744,rlister,1,0.00377,7191,27.08577,26549
1745,rmechamatadobe,1,0.00377,7192,27.08953,26549
1746,robbeblock,1,0.00377,7193,27.09330,26549
1747,RobertLivermore,1,0.00377,7194,27.09707,26549
1748,robgil,1,0.00377,7195,27.10083,26549
1749,Rob-Johnson,1,0.00377,7196,27.10460,26549
1750,rogpeppe,1,0.00377,7197,27.10837,26549
1751,rohanjoseph,1,0.00377,7198,27.11213,26549
1752,rojagit,1,0.00377,7199,27.11590,26549
1753,rokka-n,1,0.00377,7200,27.11967,26549
1754,romangallego,1,0.00377,7201,27.12343,26549
1755,romulko,1,0.00377,7202,27.12720,26549
1756,roncohen,1,0.00377,7203,27.13097,26549
1757,royzheng,1,0.00377,7204,27.13473,26549
1758,rpardini,1,0.00377,7205,27.13850,26549
1759,rrnewton,1,0.00377,7206,27.14227,26549
1760,rspadim,1,0.00377,7207,27.14603,26549
1761,rthille,1,0.00377,7208,27.14980,26549
1762,rui-mian-wen,1,0.00377,7209,27.15357,26549
1763,Ruin0x11,1,0.00377,7210,27.15733,26549
1764,ruiztulio,1,0.00377,7211,27.16110,26549
1765,sabretus,1,0.00377,7212,27.16486,26549
1766,SahilChaudhary25,1,0.00377,7213,27.16863,26549
1767,sahya,1,0.00377,7214,27.17240,26549
1768,saiwl,1,0.00377,7215,27.17616,26549
1769,sajankgit,1,0.00377,7216,27.17993,26549
1770,SalzzZ,1,0.00377,7217,27.18370,26549
1771,sam0737,1,0.00377,7218,27.18746,26549
1772,SamirFarhat,1,0.00377,7219,27.19123,26549
1773,samnag,1,0.00377,7220,27.19500,26549
1774,samsong8610,1,0.00377,7221,27.19876,26549
1775,sandys,1,0.00377,7222,27.20253,26549
1776,sanjay-cpu,1,0.00377,7223,27.20630,26549
1777,sanket-thakkar,1,0.00377,7224,27.21006,26549
1778,sanscontext,1,0.00377,7225,27.21383,26549
1779,santhoshkumarhirekerur,1,0.00377,7226,27.21760,26549
1780,santosh0705,1,0.00377,7227,27.22136,26549
1781,Sarke,1,0.00377,7228,27.22513,26549
1782,sasah,1,0.00377,7229,27.22890,26549
1783,saschaarthur,1,0.00377,7230,27.23266,26549
1784,sa-shukla,1,0.00377,7231,27.23643,26549
1785,SathishSuresh-opex,1,0.00377,7232,27.24020,26549
1786,saulshanabrook,1,0.00377,7233,27.24396,26549
1787,sayash,1,0.00377,7234,27.24773,26549
1788,sblatnick,1,0.00377,7235,27.25150,26549
1789,sblinz,1,0.00377,7236,27.25526,26549
1790,scottillogical,1,0.00377,7237,27.25903,26549
1791,sds,1,0.00377,7238,27.26280,26549
1792,SecDWizar,1,0.00377,7239,27.26656,26549
1793,sergioasantiago,1,0.00377,7240,27.27033,26549
1794,seunaa,1,0.00377,7241,27.27410,26549
1795,sgnn7,1,0.00377,7242,27.27786,26549
1796,sgoodliff,1,0.00377,7243,27.28163,26549
1797,sgowie,1,0.00377,7244,27.28540,26549
1798,shadabb2000,1,0.00377,7245,27.28916,26549
1799,Shaker1978,1,0.00377,7246,27.29293,26549
1800,sharpaw,1,0.00377,7247,27.29670,26549
1801,shauneq2,1,0.00377,7248,27.30046,26549
1802,Sheshagiri-RVBD,1,0.00377,7249,27.30423,26549
1803,shopizer-ecommerce,1,0.00377,7250,27.30800,26549
1804,Shperung,1,0.00377,7251,27.31176,26549
1805,shrhawk-entertainer,1,0.00377,7252,27.31553,26549
1806,shridharh,1,0.00377,7253,27.31930,26549
1807,Shusil,1,0.00377,7254,27.32306,26549
1808,sibasankarp,1,0.00377,7255,27.32683,26549
1809,simonkowallik,1,0.00377,7256,27.33060,26549
1810,simonmiller99,1,0.00377,7257,27.33436,26549
1811,SimplicityDevelopment,1,0.00377,7258,27.33813,26549
1812,singhkgautam,1,0.00377,7259,27.34190,26549
1813,SivaIntegrator,1,0.00377,7260,27.34566,26549
1814,six0h,1,0.00377,7261,27.34943,26549
1815,slabrador,1,0.00377,7262,27.35320,26549
1816,slavdok,1,0.00377,7263,27.35696,26549
1817,sleekweasel,1,0.00377,7264,27.36073,26549
1818,slnovak,1,0.00377,7265,27.36450,26549
1819,smaftoul,1,0.00377,7266,27.36826,26549
1820,smartimran003,1,0.00377,7267,27.37203,26549
1821,smasset,1,0.00377,7268,27.37580,26549
1822,smithjm,1,0.00377,7269,27.37956,26549
1823,smrathod,1,0.00377,7270,27.38333,26549
1824,snailchen,1,0.00377,7271,27.38710,26549
1825,socketwench,1,0.00377,7272,27.39086,26549
1826,soemeier,1,0.00377,7273,27.39463,26549
1827,solarmosaic-kflorence,1,0.00377,7274,27.39840,26549
1828,Soliah,1,0.00377,7275,27.40216,26549
1829,somashekarg,1,0.00377,7276,27.40593,26549
1830,songjiayang,1,0.00377,7277,27.40970,26549
1831,sonicsnes,1,0.00377,7278,27.41346,26549
1832,soulcreate,1,0.00377,7279,27.41723,26549
1833,soundar08,1,0.00377,7280,27.42100,26549
1834,Spjak,1,0.00377,7281,27.42476,26549
1835,Spooky-0,1,0.00377,7282,27.42853,26549
1836,sporokh,1,0.00377,7283,27.43230,26549
1837,sri-05,1,0.00377,7284,27.43606,26549
1838,sriramg96,1,0.00377,7285,27.43983,26549
1839,StasPiv,1,0.00377,7286,27.44359,26549
1840,Statemood,1,0.00377,7287,27.44736,26549
1841,stayclassychicago,1,0.00377,7288,27.45113,26549
1842,stefanfoulis,1,0.00377,7289,27.45489,26549
1843,stefanloerwald,1,0.00377,7290,27.45866,26549
1844,stephane-klein,1,0.00377,7291,27.46243,26549
1845,stevencohn,1,0.00377,7292,27.46619,26549
1846,stlava,1,0.00377,7293,27.46996,26549
1847,stmudie,1,0.00377,7294,27.47373,26549
1848,stonelion,1,0.00377,7295,27.47749,26549
1849,strarsis,1,0.00377,7296,27.48126,26549
1850,streamnsight,1,0.00377,7297,27.48503,26549
1851,stromvirvel,1,0.00377,7298,27.48879,26549
1852,struharv,1,0.00377,7299,27.49256,26549
1853,stvdilln,1,0.00377,7300,27.49633,26549
1854,Suhov-Igor,1,0.00377,7301,27.50009,26549
1855,sujeetkp,1,0.00377,7302,27.50386,26549
1856,sujkh85,1,0.00377,7303,27.50763,26549
1857,summerQLin,1,0.00377,7304,27.51139,26549
1858,supreme,1,0.00377,7305,27.51516,26549
1859,surajpasuparthy,1,0.00377,7306,27.51893,26549
1860,svenlu,1,0.00377,7307,27.52269,26549
1861,svorobyov,1,0.00377,7308,27.52646,26549
1862,swaroopkundeti,1,0.00377,7309,27.53023,26549
1863,swepnadoss,1,0.00377,7310,27.53399,26549
1864,swq499809608,1,0.00377,7311,27.53776,26549
1865,syndy1989,1,0.00377,7312,27.54153,26549
1866,sysradium,1,0.00377,7313,27.54529,26549
1867,systemeintegratedsolutions,1,0.00377,7314,27.54906,26549
1868,szahn,1,0.00377,7315,27.55283,26549
1869,takeshitakenji,1,0.00377,7316,27.55659,26549
1870,tanksuzuki,1,0.00377,7317,27.56036,26549
1871,tarasinf,1,0.00377,7318,27.56413,26549
1872,taynguyen,1,0.00377,7319,27.56789,26549
1873,Tb0,1,0.00377,7320,27.57166,26549
1874,tehlers320,1,0.00377,7321,27.57543,26549
1875,tektutor,1,0.00377,7322,27.57919,26549
1876,Telmo,1,0.00377,7323,27.58296,26549
1877,Ten0,1,0.00377,7324,27.58673,26549
1878,Teudimundo,1,0.00377,7325,27.59049,26549
1879,thall,1,0.00377,7326,27.59426,26549
1880,TheJayMann,1,0.00377,7327,27.59803,26549
1881,theoden-dd,1,0.00377,7328,27.60179,26549
1882,theolukens,1,0.00377,7329,27.60556,26549
1883,thewilli,1,0.00377,7330,27.60933,26549
1884,thk686,1,0.00377,7331,27.61309,26549
1885,ThomasCassimon,1,0.00377,7332,27.61686,26549
1886,threejeez,1,0.00377,7333,27.62063,26549
1887,thuck,1,0.00377,7334,27.62439,26549
1888,ticketsnfines,1,0.00377,7335,27.62816,26549
1889,timmjd,1,0.00377,7336,27.63193,26549
1890,tino,1,0.00377,7337,27.63569,26549
1891,tkakantousis,1,0.00377,7338,27.63946,26549
1892,tlycken,1,0.00377,7339,27.64323,26549
1893,tmeneau,1,0.00377,7340,27.64699,26549
1894,tnextday,1,0.00377,7341,27.65076,26549
1895,tobico,1,0.00377,7342,27.65453,26549
1896,toecto,1,0.00377,7343,27.65829,26549
1897,Toilal,1,0.00377,7344,27.66206,26549
1898,tom-aa,1,0.00377,7345,27.66583,26549
1899,tomelliff,1,0.00377,7346,27.66959,26549
1900,toopay,1,0.00377,7347,27.67336,26549
1901,Toub,1,0.00377,7348,27.67713,26549
1902,triwats,1,0.00377,7349,27.68089,26549
1903,tunix,1,0.00377,7350,27.68466,26549
1904,twall,1,0.00377,7351,27.68843,26549
1905,twiden,1,0.00377,7352,27.69219,26549
1906,tylermzeller,1,0.00377,7353,27.69596,26549
1907,UlTriX,1,0.00377,7354,27.69973,26549
1908,umurgdk,1,0.00377,7355,27.70349,26549
1909,uschtwill,1,0.00377,7356,27.70726,26549
1910,userlerueda,1,0.00377,7357,27.71102,26549
1911,ustuzhanin,1,0.00377,7358,27.71479,26549
1912,UtkarshYeolekar,1,0.00377,7359,27.71856,26549
1913,uttambkr,1,0.00377,7360,27.72232,26549
1914,vaclav-doubek,1,0.00377,7361,27.72609,26549
1915,vadimk2016,1,0.00377,7362,27.72986,26549
1916,vadmeste,1,0.00377,7363,27.73362,26549
1917,valentinsmoliy,1,0.00377,7364,27.73739,26549
1918,valery93,1,0.00377,7365,27.74116,26549
1919,VascoVisser,1,0.00377,7366,27.74492,26549
1920,vatit-admin,1,0.00377,7367,27.74869,26549
1921,Vauteck,1,0.00377,7368,27.75246,26549
1922,veepee78,1,0.00377,7369,27.75622,26549
1923,veye,1,0.00377,7370,27.75999,26549
1924,vinkman100,1,0.00377,7371,27.76376,26549
1925,viperblack,1,0.00377,7372,27.76752,26549
1926,viraptor,1,0.00377,7373,27.77129,26549
1927,vlad17,1,0.00377,7374,27.77506,26549
1928,vOROn200,1,0.00377,7375,27.77882,26549
1929,Vovcharaa,1,0.00377,7376,27.78259,26549
1930,vronin,1,0.00377,7377,27.78636,26549
1931,vtajzich,1,0.00377,7378,27.79012,26549
1932,vvitayau,1,0.00377,7379,27.79389,26549
1933,vytotas,1,0.00377,7380,27.79766,26549
1934,w1nte,1,0.00377,7381,27.80142,26549
1935,wacxt,1,0.00377,7382,27.80519,26549
1936,wadkar,1,0.00377,7383,27.80896,26549
1937,wangzhezhe,1,0.00377,7384,27.81272,26549
1938,wapean,1,0.00377,7385,27.81649,26549
1939,WarlaxZ,1,0.00377,7386,27.82026,26549
1940,wilkis3,1,0.00377,7387,27.82402,26549
1941,Willwil,1,0.00377,7388,27.82779,26549
1942,willwily,1,0.00377,7389,27.83156,26549
1943,wilsonmar,1,0.00377,7390,27.83532,26549
1944,WiRight,1,0.00377,7391,27.83909,26549
1945,wkuranowski,1,0.00377,7392,27.84286,26549
1946,wleepang,1,0.00377,7393,27.84662,26549
1947,wobu,1,0.00377,7394,27.85039,26549
1948,Wombasta,1,0.00377,7395,27.85416,26549
1949,workhardcc,1,0.00377,7396,27.85792,26549
1950,wpp,1,0.00377,7397,27.86169,26549
1951,wputra,1,0.00377,7398,27.86546,26549
1952,wrossmann,1,0.00377,7399,27.86922,26549
1953,wzymaster,1,0.00377,7400,27.87299,26549
1954,x1101,1,0.00377,7401,27.87676,26549
1955,xalekx,1,0.00377,7402,27.88052,26549
1956,xaqq,1,0.00377,7403,27.88429,26549
1957,xautjzd,1,0.00377,7404,27.88806,26549
1958,xaviablaza,1,0.00377,7405,27.89182,26549
1959,xczh,1,0.00377,7406,27.89559,26549
1960,Xendox,1,0.00377,7407,27.89936,26549
1961,xf57212,1,0.00377,7408,27.90312,26549
1962,xflash,1,0.00377,7409,27.90689,26549
1963,Xianjun-Zheng1024,1,0.00377,7410,27.91066,26549
1964,xiaohui-yan,1,0.00377,7411,27.91442,26549
1965,xiaoshengaimm,1,0.00377,7412,27.91819,26549
1966,xiemeilong,1,0.00377,7413,27.92196,26549
1967,xingyuli,1,0.00377,7414,27.92572,26549
1968,xmikus01,1,0.00377,7415,27.92949,26549
1969,xnu123,1,0.00377,7416,27.93326,26549
1970,xose,1,0.00377,7417,27.93702,26549
1971,xpepermint,1,0.00377,7418,27.94079,26549
1972,xs233,1,0.00377,7419,27.94456,26549
1973,xuedihualu,1,0.00377,7420,27.94832,26549
1974,xulz,1,0.00377,7421,27.95209,26549
1975,y0n1,1,0.00377,7422,27.95586,26549
1976,yangchuan37326,1,0.00377,7423,27.95962,26549
1977,yangxinyun,1,0.00377,7424,27.96339,26549
1978,Yantrio,1,0.00377,7425,27.96716,26549
1979,yarglah,1,0.00377,7426,27.97092,26549
1980,ybaumy,1,0.00377,7427,27.97469,26549
1981,YenF,1,0.00377,7428,27.97845,26549
1982,yermulnik,1,0.00377,7429,27.98222,26549
1983,yesbuter,1,0.00377,7430,27.98599,26549
1984,yhhzsd,1,0.00377,7431,27.98975,26549
1985,yjarosz,1,0.00377,7432,27.99352,26549
1986,ykyuen,1,0.00377,7433,27.99729,26549
1987,yoandypv,1,0.00377,7434,28.00105,26549
1988,yogeshdass,1,0.00377,7435,28.00482,26549
1989,Yooke,1,0.00377,7436,28.00859,26549
1990,yuan1238y,1,0.00377,7437,28.01235,26549
1991,yuchangchun1,1,0.00377,7438,28.01612,26549
1992,yuhuman,1,0.00377,7439,28.01989,26549
1993,yuklia,1,0.00377,7440,28.02365,26549
1994,zarnovican,1,0.00377,7441,28.02742,26549
1995,zenakuten,1,0.00377,7442,28.03119,26549
1996,zen-k,1,0.00377,7443,28.03495,26549
1997,zhangsean,1,0.00377,7444,28.03872,26549
1998,zhangxuelai,1,0.00377,7445,28.04249,26549
1999,zhangyoufu,1,0.00377,7446,28.04625,26549
2000,zhaowencheng1991,1,0.00377,7447,28.05002,26549
2001,zhitaoli,1,0.00377,7448,28.05379,26549
2002,zhiwu88,1,0.00377,7449,28.05755,26549
2003,zhubuntu,1,0.00377,7450,28.06132,26549
2004,zmaxyan,1,0.00377,7451,28.06509,26549
2005,zowers,1,0.00377,7452,28.06885,26549
2006,ztmr,1,0.00377,7453,28.07262,26549
2007,zymzxq,1,0.00377,7454,28.07639,26549
2008,ZYNCMA,1,0.00377,7455,28.08015,26549
