rank_number,actor,contributions,percent,cumulative_sum,cumulative_percent,all_contributions
1,khussey,762,3.77901,762,3.77901,20164
2,mattmcclure-dw,255,1.26463,1017,5.04364,20164
3,scoyle391,206,1.02162,1223,6.06526,20164
4,cindymullins-dw,164,0.81333,1387,6.87860,20164
5,esmet,144,0.71414,1531,7.59274,20164
6,brucehorn,132,0.65463,1663,8.24737,20164
7,cakuros,127,0.62984,1790,8.87721,20164
8,acookin,114,0.56536,1904,9.44257,20164
9,bnfb,62,0.30748,1966,9.75005,20164
10,impl,53,0.26284,2019,10.01289,20164
11,jfrabaute,53,0.26284,2072,10.27574,20164
12,ppeble,48,0.23805,2120,10.51379,20164
13,swalberg,45,0.22317,2165,10.73696,20164
14,lavoiedn,44,0.21821,2209,10.95517,20164
15,hcavalieri,38,0.18845,2247,11.14362,20164
16,Andrei-Predoiu,32,0.15870,2279,11.30232,20164
17,peturgq,32,0.15870,2311,11.46102,20164
18,volatilemolotov,32,0.15870,2343,11.61972,20164
19,invalid-email-address,30,0.14878,2373,11.76850,20164
20,neufeldtech,29,0.14382,2402,11.91232,20164
21,AliceProxy,25,0.12398,2427,12.03630,20164
22,alphashr,24,0.11902,2451,12.15533,20164
23,ovk,20,0.09919,2471,12.25451,20164
24,blhagadorn,17,0.08431,2488,12.33882,20164
25,DanTulovsky,17,0.08431,2505,12.42313,20164
26,DipeshMitthalal,17,0.08431,2522,12.50744,20164
27,attilajanko,16,0.07935,2538,12.58679,20164
28,cyrus-mc,16,0.07935,2554,12.66614,20164
29,prakharjoshi,16,0.07935,2570,12.74549,20164
30,puneetloya,16,0.07935,2586,12.82484,20164
31,aeb-sia,15,0.07439,2601,12.89923,20164
32,eddy-curv,15,0.07439,2616,12.97362,20164
33,bozzzzo,14,0.06943,2630,13.04305,20164
34,cogmeta,14,0.06943,2644,13.11248,20164
35,dfl-erik,14,0.06943,2658,13.18191,20164
36,ricky26,14,0.06943,2672,13.25134,20164
37,vaibhavrtk,14,0.06943,2686,13.32077,20164
38,HT154,13,0.06447,2699,13.38524,20164
39,srheaume,13,0.06447,2712,13.44971,20164
40,TonkWorks,13,0.06447,2725,13.51418,20164
41,donnyyung,12,0.05951,2737,13.57370,20164
42,krish512,12,0.05951,2749,13.63321,20164
43,mradmila,12,0.05951,2761,13.69272,20164
44,patricksanders,12,0.05951,2773,13.75223,20164
45,Denis220795,11,0.05455,2784,13.80678,20164
46,FrancoCorleone,11,0.05455,2795,13.86134,20164
47,MrWinstead,11,0.05455,2806,13.91589,20164
48,sai3010,11,0.05455,2817,13.97044,20164
49,xlanor,11,0.05455,2828,14.02500,20164
50,aberres,10,0.04959,2838,14.07459,20164
51,digressionary,10,0.04959,2848,14.12418,20164
52,edfungus,10,0.04959,2858,14.17378,20164
53,hugocarrasco,10,0.04959,2868,14.22337,20164
54,josuesdiaz,10,0.04959,2878,14.27296,20164
55,mcalestino,10,0.04959,2888,14.32256,20164
56,mdkess,10,0.04959,2898,14.37215,20164
57,ServerlessP,10,0.04959,2908,14.42174,20164
58,tangxusc,10,0.04959,2918,14.47134,20164
59,thiagolsfortunato,10,0.04959,2928,14.52093,20164
60,bcatcho,9,0.04463,2937,14.56556,20164
61,dat-matthewce,9,0.04463,2946,14.61020,20164
62,jcornick-alabs,9,0.04463,2955,14.65483,20164
63,kthommandra,9,0.04463,2964,14.69946,20164
64,LiVe,9,0.04463,2973,14.74410,20164
65,markusjevringsesame,9,0.04463,2982,14.78873,20164
66,niaiwomattt,9,0.04463,2991,14.83337,20164
67,reikani,9,0.04463,3000,14.87800,20164
68,sarce,9,0.04463,3009,14.92263,20164
69,Abhishek627,8,0.03967,3017,14.96231,20164
70,ankurpshah,8,0.03967,3025,15.00198,20164
71,juanjoku,8,0.03967,3033,15.04166,20164
72,jwmorr,8,0.03967,3041,15.08133,20164
73,markrity,8,0.03967,3049,15.12101,20164
74,mtbdeano,8,0.03967,3057,15.16068,20164
75,prakash-halan,8,0.03967,3065,15.20036,20164
76,coryflucas,7,0.03472,3072,15.23507,20164
77,ellisvalentiner,7,0.03472,3079,15.26979,20164
78,emilyzhang,7,0.03472,3086,15.30450,20164
79,er1c,7,0.03472,3093,15.33922,20164
80,etotten,7,0.03472,3100,15.37393,20164
81,feitnomore,7,0.03472,3107,15.40865,20164
82,georgekaz,7,0.03472,3114,15.44336,20164
83,henrikengelbrink,7,0.03472,3121,15.47808,20164
84,jstol,7,0.03472,3128,15.51280,20164
85,knlambert,7,0.03472,3135,15.54751,20164
86,kumarnishant,7,0.03472,3142,15.58223,20164
87,lolletsoc,7,0.03472,3149,15.61694,20164
88,maxnasonov,7,0.03472,3156,15.65166,20164
89,mpluhar,7,0.03472,3163,15.68637,20164
90,PierreF,7,0.03472,3170,15.72109,20164
91,rotemtam,7,0.03472,3177,15.75580,20164
92,travisfinch,7,0.03472,3184,15.79052,20164
93,webberwang,7,0.03472,3191,15.82523,20164
94,x-fauzan-x,7,0.03472,3198,15.85995,20164
95,yanickbelanger,7,0.03472,3205,15.89466,20164
96,yxzhm,7,0.03472,3212,15.92938,20164
97,ajmyyra,6,0.02976,3218,15.95914,20164
98,bmariesan,6,0.02976,3224,15.98889,20164
99,DarkBlaez,6,0.02976,3230,16.01865,20164
100,djMax,6,0.02976,3236,16.04840,20164
101,ecgouvea,6,0.02976,3242,16.07816,20164
102,edalford11,6,0.02976,3248,16.10792,20164
103,ereOn,6,0.02976,3254,16.13767,20164
104,hdoro,6,0.02976,3260,16.16743,20164
105,HoveringHalibut,6,0.02976,3266,16.19718,20164
106,jonathanmccracken,6,0.02976,3272,16.22694,20164
107,kostyrev,6,0.02976,3278,16.25670,20164
108,leesiongchan,6,0.02976,3284,16.28645,20164
109,majelbstoat,6,0.02976,3290,16.31621,20164
110,MateuszCzubak,6,0.02976,3296,16.34596,20164
111,Mimetis,6,0.02976,3302,16.37572,20164
112,pavannd1,6,0.02976,3308,16.40548,20164
113,psychopenguin,6,0.02976,3314,16.43523,20164
114,radu-c,6,0.02976,3320,16.46499,20164
115,sergeevo,6,0.02976,3326,16.49474,20164
116,tribonacci,6,0.02976,3332,16.52450,20164
117,vangheem,6,0.02976,3338,16.55426,20164
118,vijaykumark,6,0.02976,3344,16.58401,20164
119,vinodsr,6,0.02976,3350,16.61377,20164
120,zencircle,6,0.02976,3356,16.64352,20164
121,AaronTriplett,5,0.02480,3361,16.66832,20164
122,Anishmourya,5,0.02480,3366,16.69312,20164
123,chenglanguo,5,0.02480,3371,16.71791,20164
124,damianesteban,5,0.02480,3376,16.74271,20164
125,daninthewoods,5,0.02480,3381,16.76751,20164
126,ddeep2007,5,0.02480,3386,16.79230,20164
127,devkws,5,0.02480,3391,16.81710,20164
128,ericbarch,5,0.02480,3396,16.84190,20164
129,Fisionit,5,0.02480,3401,16.86669,20164
130,Harishkrishna17,5,0.02480,3406,16.89149,20164
131,hmklabs-dclow,5,0.02480,3411,16.91629,20164
132,hofmannmich,5,0.02480,3416,16.94108,20164
133,illinar,5,0.02480,3421,16.96588,20164
134,jasonewang,5,0.02480,3426,16.99068,20164
135,jayaramcloud,5,0.02480,3431,17.01547,20164
136,jiaanguo,5,0.02480,3436,17.04027,20164
137,kawalsapra,5,0.02480,3441,17.06507,20164
138,KyleMartin901,5,0.02480,3446,17.08986,20164
139,lduparc,5,0.02480,3451,17.11466,20164
140,Lemmons,5,0.02480,3456,17.13946,20164
141,macsual,5,0.02480,3461,17.16425,20164
142,matthiasdg,5,0.02480,3466,17.18905,20164
143,mderazon,5,0.02480,3471,17.21385,20164
144,muffinrecon,5,0.02480,3476,17.23864,20164
145,phillycheeze,5,0.02480,3481,17.26344,20164
146,rbudiharso,5,0.02480,3486,17.28824,20164
147,rclayton-the-terrible,5,0.02480,3491,17.31303,20164
148,ryanalbon,5,0.02480,3496,17.33783,20164
149,Sbou,5,0.02480,3501,17.36263,20164
150,sbrichardson,5,0.02480,3506,17.38742,20164
151,sivarajp,5,0.02480,3511,17.41222,20164
152,skout23,5,0.02480,3516,17.43702,20164
153,Sytten,5,0.02480,3521,17.46181,20164
154,teejaded,5,0.02480,3526,17.48661,20164
155,thedevelopnik,5,0.02480,3531,17.51141,20164
156,venkyvb,5,0.02480,3536,17.53620,20164
157,YanLemon,5,0.02480,3541,17.56100,20164
158,yashubh,5,0.02480,3546,17.58580,20164
159,abhishek-rio,4,0.01984,3550,17.60563,20164
160,albertdb,4,0.01984,3554,17.62547,20164
161,alechp,4,0.01984,3558,17.64531,20164
162,amartya-ac,4,0.01984,3562,17.66515,20164
163,antst,4,0.01984,3566,17.68498,20164
164,aroundthecode,4,0.01984,3570,17.70482,20164
165,bartlettt,4,0.01984,3574,17.72466,20164
166,Baykonur,4,0.01984,3578,17.74450,20164
167,bbl232,4,0.01984,3582,17.76433,20164
168,bhvr-fmarceau,4,0.01984,3586,17.78417,20164
169,biril,4,0.01984,3590,17.80401,20164
170,bobby,4,0.01984,3594,17.82384,20164
171,bojanv55,4,0.01984,3598,17.84368,20164
172,brianmori,4,0.01984,3602,17.86352,20164
173,carte7000,4,0.01984,3606,17.88336,20164
174,CheesyFeet,4,0.01984,3610,17.90319,20164
175,coala-svn,4,0.01984,3614,17.92303,20164
176,ColinCrawford,4,0.01984,3618,17.94287,20164
177,conradoverta,4,0.01984,3622,17.96271,20164
178,dotw,4,0.01984,3626,17.98254,20164
179,emckay,4,0.01984,3630,18.00238,20164
180,ermeaney,4,0.01984,3634,18.02222,20164
181,feliperoveran,4,0.01984,3638,18.04206,20164
182,FrostyLeaf,4,0.01984,3642,18.06189,20164
183,guoyiang,4,0.01984,3646,18.08173,20164
184,Hkyx,4,0.01984,3650,18.10157,20164
185,jazoom,4,0.01984,3654,18.12140,20164
186,jhsiaomei,4,0.01984,3658,18.14124,20164
187,jisaacstone,4,0.01984,3662,18.16108,20164
188,Jon-Schneider,4,0.01984,3666,18.18092,20164
189,jujugrrr,4,0.01984,3670,18.20075,20164
190,justinfiore,4,0.01984,3674,18.22059,20164
191,kfkawalec,4,0.01984,3678,18.24043,20164
192,lalit-pundir,4,0.01984,3682,18.26027,20164
193,majjie,4,0.01984,3686,18.28010,20164
194,MarcErdmann,4,0.01984,3690,18.29994,20164
195,marselester,4,0.01984,3694,18.31978,20164
196,maxfrigge,4,0.01984,3698,18.33962,20164
197,michaelsovik,4,0.01984,3702,18.35945,20164
198,MirzaMerdovic,4,0.01984,3706,18.37929,20164
199,mmoghadas,4,0.01984,3710,18.39913,20164
200,mprigge,4,0.01984,3714,18.41896,20164
201,mthird,4,0.01984,3718,18.43880,20164
202,nadilas,4,0.01984,3722,18.45864,20164
203,nmatsui,4,0.01984,3726,18.47848,20164
204,osnagovskyi,4,0.01984,3730,18.49831,20164
205,popaaaandrei,4,0.01984,3734,18.51815,20164
206,pratikmallya,4,0.01984,3738,18.53799,20164
207,r4nd0m0n3,4,0.01984,3742,18.55783,20164
208,richardbolt,4,0.01984,3746,18.57766,20164
209,rogierschouten,4,0.01984,3750,18.59750,20164
210,rutu-k,4,0.01984,3754,18.61734,20164
211,sledorze,4,0.01984,3758,18.63718,20164
212,tannaga,4,0.01984,3762,18.65701,20164
213,ToonvanStrijp,4,0.01984,3766,18.67685,20164
214,tzilist,4,0.01984,3770,18.69669,20164
215,umarizulkifli,4,0.01984,3774,18.71652,20164
216,victortv7,4,0.01984,3778,18.73636,20164
217,williamhogman,4,0.01984,3782,18.75620,20164
218,zwbear,4,0.01984,3786,18.77604,20164
219,admiralobvious,3,0.01488,3789,18.79091,20164
220,adriangudas,3,0.01488,3792,18.80579,20164
221,AdrianLsk,3,0.01488,3795,18.82067,20164
222,aleczadikian,3,0.01488,3798,18.83555,20164
223,andresmazzo,3,0.01488,3801,18.85043,20164
224,archerz,3,0.01488,3804,18.86530,20164
225,archhhh,3,0.01488,3807,18.88018,20164
226,avarf,3,0.01488,3810,18.89506,20164
227,badoet,3,0.01488,3813,18.90994,20164
228,boogie4eva,3,0.01488,3816,18.92482,20164
229,charlieoleary,3,0.01488,3819,18.93969,20164
230,chtison,3,0.01488,3822,18.95457,20164
231,CodArs-van,3,0.01488,3825,18.96945,20164
232,crmccormick,3,0.01488,3828,18.98433,20164
233,darmac,3,0.01488,3831,18.99921,20164
234,davidalpert,3,0.01488,3834,19.01408,20164
235,davidharkis,3,0.01488,3837,19.02896,20164
236,diptimanadak,3,0.01488,3840,19.04384,20164
237,divyadilip91,3,0.01488,3843,19.05872,20164
238,donofriov,3,0.01488,3846,19.07360,20164
239,duncaan,3,0.01488,3849,19.08847,20164
240,edernucci,3,0.01488,3852,19.10335,20164
241,enriched,3,0.01488,3855,19.11823,20164
242,EvertonSA,3,0.01488,3858,19.13311,20164
243,factorypreset,3,0.01488,3861,19.14799,20164
244,fajarhide,3,0.01488,3864,19.16286,20164
245,GabrielCiordas,3,0.01488,3867,19.17774,20164
246,gnavgire,3,0.01488,3870,19.19262,20164
247,Guyzeroth,3,0.01488,3873,19.20750,20164
248,harindaka,3,0.01488,3876,19.22238,20164
249,havenotfear,3,0.01488,3879,19.23725,20164
250,holahula,3,0.01488,3882,19.25213,20164
251,Horkyze,3,0.01488,3885,19.26701,20164
252,hub-kubernetes,3,0.01488,3888,19.28189,20164
253,huytn1219,3,0.01488,3891,19.29677,20164
254,jar3b,3,0.01488,3894,19.31164,20164
255,jasons42,3,0.01488,3897,19.32652,20164
256,jdevalk2,3,0.01488,3900,19.34140,20164
257,jhabdas,3,0.01488,3903,19.35628,20164
258,joe-zhang3,3,0.01488,3906,19.37116,20164
259,jonhoare,3,0.01488,3909,19.38603,20164
260,jpaulodit,3,0.01488,3912,19.40091,20164
261,jrrdev,3,0.01488,3915,19.41579,20164
262,kasrajag,3,0.01488,3918,19.43067,20164
263,kevinohara80,3,0.01488,3921,19.44555,20164
264,klambertbnc,3,0.01488,3924,19.46042,20164
265,koliyo,3,0.01488,3927,19.47530,20164
266,kpersohn,3,0.01488,3930,19.49018,20164
267,kphelps,3,0.01488,3933,19.50506,20164
268,Leo7654,3,0.01488,3936,19.51994,20164
269,marcosArruda,3,0.01488,3939,19.53481,20164
270,MarkDeckert,3,0.01488,3942,19.54969,20164
271,maticue,3,0.01488,3945,19.56457,20164
272,MattSurabian,3,0.01488,3948,19.57945,20164
273,mauriceackel,3,0.01488,3951,19.59433,20164
274,MaxWinterstein,3,0.01488,3954,19.60920,20164
275,mjgoethe,3,0.01488,3957,19.62408,20164
276,muscovitebob,3,0.01488,3960,19.63896,20164
277,my4yue,3,0.01488,3963,19.65384,20164
278,neomantra,3,0.01488,3966,19.66872,20164
279,nerdaliciousCH,3,0.01488,3969,19.68359,20164
280,ngrigoriev,3,0.01488,3972,19.69847,20164
281,noverby,3,0.01488,3975,19.71335,20164
282,obataku,3,0.01488,3978,19.72823,20164
283,PaulStanos,3,0.01488,3981,19.74311,20164
284,paulwitt,3,0.01488,3984,19.75798,20164
285,pdmack,3,0.01488,3987,19.77286,20164
286,pedroguima,3,0.01488,3990,19.78774,20164
287,peterthomassen,3,0.01488,3993,19.80262,20164
288,pinkyjpainadath,3,0.01488,3996,19.81750,20164
289,pjediny,3,0.01488,3999,19.83237,20164
290,prelipceang,3,0.01488,4002,19.84725,20164
291,przemek-sl,3,0.01488,4005,19.86213,20164
292,psychonetic,3,0.01488,4008,19.87701,20164
293,raghuP9,3,0.01488,4011,19.89189,20164
294,rogaha,3,0.01488,4014,19.90676,20164
295,RoryShively,3,0.01488,4017,19.92164,20164
296,schaermu,3,0.01488,4020,19.93652,20164
297,Shekhara,3,0.01488,4023,19.95140,20164
298,simenbw,3,0.01488,4026,19.96628,20164
299,swapnilpatil1682,3,0.01488,4029,19.98115,20164
300,thallgren,3,0.01488,4032,19.99603,20164
301,travisbyrum,3,0.01488,4035,20.01091,20164
302,tttlkkkl,3,0.01488,4038,20.02579,20164
303,variantf,3,0.01488,4041,20.04067,20164
304,vishal-vp,3,0.01488,4044,20.05554,20164
305,vivekgarg20,3,0.01488,4047,20.07042,20164
306,woraphol-j,3,0.01488,4050,20.08530,20164
307,yogeshsajanikar,3,0.01488,4053,20.10018,20164
308,372046933,2,0.00992,4055,20.11010,20164
309,abmybgx,2,0.00992,4057,20.12002,20164
310,ajit-hybris,2,0.00992,4059,20.12993,20164
311,akeyboardlife,2,0.00992,4061,20.13985,20164
312,akunaatrium,2,0.00992,4063,20.14977,20164
313,ananth07reddy,2,0.00992,4065,20.15969,20164
314,AndrewBell,2,0.00992,4067,20.16961,20164
315,AndrewFarley,2,0.00992,4069,20.17953,20164
316,anyname2,2,0.00992,4071,20.18945,20164
317,atarynin,2,0.00992,4073,20.19937,20164
318,avinashkumar1289,2,0.00992,4075,20.20928,20164
319,Azuka,2,0.00992,4077,20.21920,20164
320,battlecow,2,0.00992,4079,20.22912,20164
321,bb3333bb,2,0.00992,4081,20.23904,20164
322,berlinsaint,2,0.00992,4083,20.24896,20164
323,boffbowsh,2,0.00992,4085,20.25888,20164
324,brennancheung,2,0.00992,4087,20.26880,20164
325,campbelldgunn,2,0.00992,4089,20.27871,20164
326,CandiedCode,2,0.00992,4091,20.28863,20164
327,cchatfield,2,0.00992,4093,20.29855,20164
328,chinltong,2,0.00992,4095,20.30847,20164
329,chiraggupta06,2,0.00992,4097,20.31839,20164
330,chris-makaio,2,0.00992,4099,20.32831,20164
331,chris-ng-scmp,2,0.00992,4101,20.33823,20164
332,cnf,2,0.00992,4103,20.34815,20164
333,CodechCFA,2,0.00992,4105,20.35806,20164
334,cole-ratner,2,0.00992,4107,20.36798,20164
335,crosbymichael1,2,0.00992,4109,20.37790,20164
336,d6e-automaton,2,0.00992,4111,20.38782,20164
337,daimoniac,2,0.00992,4113,20.39774,20164
338,danihodovic,2,0.00992,4115,20.40766,20164
339,dan-leanix,2,0.00992,4117,20.41758,20164
340,daveharding,2,0.00992,4119,20.42749,20164
341,dgaffuri,2,0.00992,4121,20.43741,20164
342,dmayle,2,0.00992,4123,20.44733,20164
343,dotansimha,2,0.00992,4125,20.45725,20164
344,dpaks,2,0.00992,4127,20.46717,20164
345,drshrey,2,0.00992,4129,20.47709,20164
346,duckty,2,0.00992,4131,20.48701,20164
347,ekarmazin,2,0.00992,4133,20.49693,20164
348,Elvander,2,0.00992,4135,20.50684,20164
349,ephemeral,2,0.00992,4137,20.51676,20164
350,eshepelyuk,2,0.00992,4139,20.52668,20164
351,ethanrubio,2,0.00992,4141,20.53660,20164
352,f0,2,0.00992,4143,20.54652,20164
353,f-a-a,2,0.00992,4145,20.55644,20164
354,flyingZippo,2,0.00992,4147,20.56636,20164
355,FrancoisVenter,2,0.00992,4149,20.57627,20164
356,fraywing,2,0.00992,4151,20.58619,20164
357,FuzzOli87,2,0.00992,4153,20.59611,20164
358,galr52,2,0.00992,4155,20.60603,20164
359,gautam2187,2,0.00992,4157,20.61595,20164
360,gavinbunney,2,0.00992,4159,20.62587,20164
361,gavinzhou,2,0.00992,4161,20.63579,20164
362,gobwas,2,0.00992,4163,20.64571,20164
363,goodboyMa,2,0.00992,4165,20.65562,20164
364,gr8Adakron,2,0.00992,4167,20.66554,20164
365,hanoisteve,2,0.00992,4169,20.67546,20164
366,Heraclitus,2,0.00992,4171,20.68538,20164
367,hLudde,2,0.00992,4173,20.69530,20164
368,idahoakl,2,0.00992,4175,20.70522,20164
369,imajindev,2,0.00992,4177,20.71514,20164
370,jambonrose,2,0.00992,4179,20.72505,20164
371,james-emerton,2,0.00992,4181,20.73497,20164
372,janakimeyyappan,2,0.00992,4183,20.74489,20164
373,jasonstitt,2,0.00992,4185,20.75481,20164
374,jcurlier,2,0.00992,4187,20.76473,20164
375,jinyuchen724,2,0.00992,4189,20.77465,20164
376,JorritPosthuma,2,0.00992,4191,20.78457,20164
377,jpfaria,2,0.00992,4193,20.79449,20164
378,jshrack-ssi,2,0.00992,4195,20.80440,20164
379,jtfogarty,2,0.00992,4197,20.81432,20164
380,juliorenner,2,0.00992,4199,20.82424,20164
381,JustinPullen,2,0.00992,4201,20.83416,20164
382,jvosantos,2,0.00992,4203,20.84408,20164
383,kannanvr,2,0.00992,4205,20.85400,20164
384,karenin-overseas,2,0.00992,4207,20.86392,20164
385,klamontagne,2,0.00992,4209,20.87383,20164
386,kuangyuansheng,2,0.00992,4211,20.88375,20164
387,LeoHexspoor,2,0.00992,4213,20.89367,20164
388,littlechicks,2,0.00992,4215,20.90359,20164
389,lostllama,2,0.00992,4217,20.91351,20164
390,manshuxu,2,0.00992,4219,20.92343,20164
391,marcantoine-bibeau,2,0.00992,4221,20.93335,20164
392,marcin-kasinski,2,0.00992,4223,20.94327,20164
393,maryoush,2,0.00992,4225,20.95318,20164
394,mat-work,2,0.00992,4227,20.96310,20164
395,max-l-weaver,2,0.00992,4229,20.97302,20164
396,mbovo,2,0.00992,4231,20.98294,20164
397,mianelson,2,0.00992,4233,20.99286,20164
398,miccl,2,0.00992,4235,21.00278,20164
399,michael4screen,2,0.00992,4237,21.01270,20164
400,MichaGru,2,0.00992,4239,21.02261,20164
401,mlazowik,2,0.00992,4241,21.03253,20164
402,mpatelpa,2,0.00992,4243,21.04245,20164
403,naishanair4,2,0.00992,4245,21.05237,20164
404,nathan-contino,2,0.00992,4247,21.06229,20164
405,neumanndaniel,2,0.00992,4249,21.07221,20164
406,neurot1cal,2,0.00992,4251,21.08213,20164
407,nfrush,2,0.00992,4253,21.09205,20164
408,nitinkapur,2,0.00992,4255,21.10196,20164
409,npuichigo,2,0.00992,4257,21.11188,20164
410,ntorba,2,0.00992,4259,21.12180,20164
411,ocarabia-aura,2,0.00992,4261,21.13172,20164
412,Octopixell,2,0.00992,4263,21.14164,20164
413,oyvinvo,2,0.00992,4265,21.15156,20164
414,PaulM667,2,0.00992,4267,21.16148,20164
415,pepjo,2,0.00992,4269,21.17139,20164
416,perljusback,2,0.00992,4271,21.18131,20164
417,phenoxim,2,0.00992,4273,21.19123,20164
418,pjfoley,2,0.00992,4275,21.20115,20164
419,PranayAgarwal,2,0.00992,4277,21.21107,20164
420,rafaeloening-barigui,2,0.00992,4279,21.22099,20164
421,rahul-kumar-saini,2,0.00992,4281,21.23091,20164
422,rdmoore,2,0.00992,4283,21.24083,20164
423,riker09,2,0.00992,4285,21.25074,20164
424,rinou92,2,0.00992,4287,21.26066,20164
425,robertrbruno,2,0.00992,4289,21.27058,20164
426,rotemtam-at-nexar,2,0.00992,4291,21.28050,20164
427,ruiramos,2,0.00992,4293,21.29042,20164
428,ryanoolala,2,0.00992,4295,21.30034,20164
429,saeidakbari,2,0.00992,4297,21.31026,20164
430,sagibel,2,0.00992,4299,21.32017,20164
431,salzig,2,0.00992,4301,21.33009,20164
432,samgranieri,2,0.00992,4303,21.34001,20164
433,sbr464,2,0.00992,4305,21.34993,20164
434,scampuza,2,0.00992,4307,21.35985,20164
435,sekaninat,2,0.00992,4309,21.36977,20164
436,shiroyasha,2,0.00992,4311,21.37969,20164
437,shubhamranjan,2,0.00992,4313,21.38961,20164
438,Shuxuan,2,0.00992,4315,21.39952,20164
439,slively,2,0.00992,4317,21.40944,20164
440,smartkuk,2,0.00992,4319,21.41936,20164
441,sonrier,2,0.00992,4321,21.42928,20164
442,so-sdhawan,2,0.00992,4323,21.43920,20164
443,sownak,2,0.00992,4325,21.44912,20164
444,sreejith-ms,2,0.00992,4327,21.45904,20164
445,stevenbarlow,2,0.00992,4329,21.46895,20164
446,stoiev,2,0.00992,4331,21.47887,20164
447,suulperi,2,0.00992,4333,21.48879,20164
448,swapnil1988,2,0.00992,4335,21.49871,20164
449,sylhero,2,0.00992,4337,21.50863,20164
450,sylvain-rouquette,2,0.00992,4339,21.51855,20164
451,technicianted,2,0.00992,4341,21.52847,20164
452,tegamckinney,2,0.00992,4343,21.53839,20164
453,thrucker,2,0.00992,4345,21.54830,20164
454,TLmaK0,2,0.00992,4347,21.55822,20164
455,TRWalters,2,0.00992,4349,21.56814,20164
456,vkperumal,2,0.00992,4351,21.57806,20164
457,vladimir-karev,2,0.00992,4353,21.58798,20164
458,Weigle,2,0.00992,4355,21.59790,20164
459,weitzjdevk,2,0.00992,4357,21.60782,20164
460,woz5999,2,0.00992,4359,21.61773,20164
461,wpears,2,0.00992,4361,21.62765,20164
462,zamanianb,2,0.00992,4363,21.63757,20164
463,zaroman,2,0.00992,4365,21.64749,20164
464,z-jingjie,2,0.00992,4367,21.65741,20164
465,0dragosh,1,0.00496,4368,21.66237,20164
466,759803573,1,0.00496,4369,21.66733,20164
467,abeep,1,0.00496,4370,21.67229,20164
468,abstractmachines,1,0.00496,4371,21.67725,20164
469,abzeybek,1,0.00496,4372,21.68221,20164
470,adamtajti,1,0.00496,4373,21.68717,20164
471,adaniline,1,0.00496,4374,21.69212,20164
472,afire007,1,0.00496,4375,21.69708,20164
473,ai2admin,1,0.00496,4376,21.70204,20164
474,ajbouh,1,0.00496,4377,21.70700,20164
475,AkashDeepSingh265,1,0.00496,4378,21.71196,20164
476,akoudal,1,0.00496,4379,21.71692,20164
477,alaa,1,0.00496,4380,21.72188,20164
478,aleksystasiak,1,0.00496,4381,21.72684,20164
479,alexhcheng,1,0.00496,4382,21.73180,20164
480,alexmulholland,1,0.00496,4383,21.73676,20164
481,amargherio,1,0.00496,4384,21.74172,20164
482,amitmawkin,1,0.00496,4385,21.74668,20164
483,amudukutore,1,0.00496,4386,21.75164,20164
484,anderfsilva,1,0.00496,4387,21.75660,20164
485,AndreasKlein,1,0.00496,4388,21.76156,20164
486,AngusHelm,1,0.00496,4389,21.76651,20164
487,ankitpec72,1,0.00496,4390,21.77147,20164
488,an-tex,1,0.00496,4391,21.77643,20164
489,arshiamalek,1,0.00496,4392,21.78139,20164
490,arunbenoyv,1,0.00496,4393,21.78635,20164
491,asaintsever,1,0.00496,4394,21.79131,20164
492,asetty,1,0.00496,4395,21.79627,20164
493,ashish1993,1,0.00496,4396,21.80123,20164
494,ashley-3r,1,0.00496,4397,21.80619,20164
495,ashmlk,1,0.00496,4398,21.81115,20164
496,asitaru,1,0.00496,4399,21.81611,20164
497,Atharex,1,0.00496,4400,21.82107,20164
498,atolia,1,0.00496,4401,21.82603,20164
499,audovychenko,1,0.00496,4402,21.83099,20164
500,autodiscover,1,0.00496,4403,21.83595,20164
501,awangptc,1,0.00496,4404,21.84090,20164
502,awilliams219,1,0.00496,4405,21.84586,20164
503,ayratn,1,0.00496,4406,21.85082,20164
504,azmikamis,1,0.00496,4407,21.85578,20164
505,Azrrael,1,0.00496,4408,21.86074,20164
506,balaji247,1,0.00496,4409,21.86570,20164
507,balixiao,1,0.00496,4410,21.87066,20164
508,beeant,1,0.00496,4411,21.87562,20164
509,bencourliss,1,0.00496,4412,21.88058,20164
510,benwalker,1,0.00496,4413,21.88554,20164
511,BharathShankar15,1,0.00496,4414,21.89050,20164
512,biancajiang,1,0.00496,4415,21.89546,20164
513,bigdimple,1,0.00496,4416,21.90042,20164
514,blankey1337,1,0.00496,4417,21.90538,20164
515,bluven,1,0.00496,4418,21.91034,20164
516,borenstein,1,0.00496,4419,21.91529,20164
517,c58,1,0.00496,4420,21.92025,20164
518,caiohaz,1,0.00496,4421,21.92521,20164
519,caires-santos-of,1,0.00496,4422,21.93017,20164
520,cbenien,1,0.00496,4423,21.93513,20164
521,chabmed,1,0.00496,4424,21.94009,20164
522,chandra-siva-exa,1,0.00496,4425,21.94505,20164
523,chengnignzhang,1,0.00496,4426,21.95001,20164
524,chineduekwunife-kcom,1,0.00496,4427,21.95497,20164
525,chris-hailstorm,1,0.00496,4428,21.95993,20164
526,christian667,1,0.00496,4429,21.96489,20164
527,chriswill0w,1,0.00496,4430,21.96985,20164
528,circlespainter,1,0.00496,4431,21.97481,20164
529,ckrieger,1,0.00496,4432,21.97977,20164
530,clacsinaRX-M,1,0.00496,4433,21.98473,20164
531,conblem,1,0.00496,4434,21.98968,20164
532,CraigRobertCiccone,1,0.00496,4435,21.99464,20164
533,CrystalMethod,1,0.00496,4436,21.99960,20164
534,ctoomey,1,0.00496,4437,22.00456,20164
535,cyj5230,1,0.00496,4438,22.00952,20164
536,d3sire,1,0.00496,4439,22.01448,20164
537,daddz,1,0.00496,4440,22.01944,20164
538,DanielBFox,1,0.00496,4441,22.02440,20164
539,danielmittelman,1,0.00496,4442,22.02936,20164
540,danilina-wsib,1,0.00496,4443,22.03432,20164
541,Dapche,1,0.00496,4444,22.03928,20164
542,DarioI,1,0.00496,4445,22.04424,20164
543,darren-west,1,0.00496,4446,22.04920,20164
544,daudo,1,0.00496,4447,22.05416,20164
545,davidsmithrx,1,0.00496,4448,22.05912,20164
546,dcioccarelli,1,0.00496,4449,22.06407,20164
547,ddx3r,1,0.00496,4450,22.06903,20164
548,deepakkhedkar1994,1,0.00496,4451,22.07399,20164
549,dennis27,1,0.00496,4452,22.07895,20164
550,des-esseintes,1,0.00496,4453,22.08391,20164
551,devdattakulkarni,1,0.00496,4454,22.08887,20164
552,devopssmart,1,0.00496,4455,22.09383,20164
553,DEXIT33,1,0.00496,4456,22.09879,20164
554,dhm116,1,0.00496,4457,22.10375,20164
555,djpicard,1,0.00496,4458,22.10871,20164
556,dliraf,1,0.00496,4459,22.11367,20164
557,dneves-gxm,1,0.00496,4460,22.11863,20164
558,donnyv12,1,0.00496,4461,22.12359,20164
559,dragosrosculete,1,0.00496,4462,22.12855,20164
560,dreic,1,0.00496,4463,22.13351,20164
561,dshmatov,1,0.00496,4464,22.13846,20164
562,duffenterprises,1,0.00496,4465,22.14342,20164
563,Dweston88,1,0.00496,4466,22.14838,20164
564,dw-support,1,0.00496,4467,22.15334,20164
565,dyoung23,1,0.00496,4468,22.15830,20164
566,e1011215,1,0.00496,4469,22.16326,20164
567,eburghar,1,0.00496,4470,22.16822,20164
568,edgan,1,0.00496,4471,22.17318,20164
569,ejhayes,1,0.00496,4472,22.17814,20164
570,eroznik,1,0.00496,4473,22.18310,20164
571,eterna2,1,0.00496,4474,22.18806,20164
572,eyaldannon,1,0.00496,4475,22.19302,20164
573,fd-automox,1,0.00496,4476,22.19798,20164
574,FearlessHyena,1,0.00496,4477,22.20294,20164
575,FernandezAnibal,1,0.00496,4478,22.20790,20164
576,fethiozdol,1,0.00496,4479,22.21285,20164
577,fezho,1,0.00496,4480,22.21781,20164
578,forestgagnon,1,0.00496,4481,22.22277,20164
579,frickenate,1,0.00496,4482,22.22773,20164
580,FriedCircuits,1,0.00496,4483,22.23269,20164
581,friend0,1,0.00496,4484,22.23765,20164
582,fwelto,1,0.00496,4485,22.24261,20164
583,galicantensoft,1,0.00496,4486,22.24757,20164
584,gatesking,1,0.00496,4487,22.25253,20164
585,gbergere,1,0.00496,4488,22.25749,20164
586,gbpnkans,1,0.00496,4489,22.26245,20164
587,geass,1,0.00496,4490,22.26741,20164
588,geekidentity,1,0.00496,4491,22.27237,20164
589,gemscoder,1,0.00496,4492,22.27733,20164
590,gergelyke,1,0.00496,4493,22.28229,20164
591,ggwpp,1,0.00496,4494,22.28724,20164
592,gildor478,1,0.00496,4495,22.29220,20164
593,gpathak,1,0.00496,4496,22.29716,20164
594,gregbacchus,1,0.00496,4497,22.30212,20164
595,grpatter,1,0.00496,4498,22.30708,20164
596,guanxingfeng,1,0.00496,4499,22.31204,20164
597,HankTheCrank,1,0.00496,4500,22.31700,20164
598,Harinus,1,0.00496,4501,22.32196,20164
599,harold-padilla,1,0.00496,4502,22.32692,20164
600,hextrim,1,0.00496,4503,22.33188,20164
601,heydonovan,1,0.00496,4504,22.33684,20164
602,hugree,1,0.00496,4505,22.34180,20164
603,HunterLarco,1,0.00496,4506,22.34676,20164
604,huoyansj,1,0.00496,4507,22.35172,20164
605,huysamen,1,0.00496,4508,22.35668,20164
606,ianeinser,1,0.00496,4509,22.36163,20164
607,iblazhko,1,0.00496,4510,22.36659,20164
608,igoratencompass,1,0.00496,4511,22.37155,20164
609,igor-feoktistov,1,0.00496,4512,22.37651,20164
610,ilaipx,1,0.00496,4513,22.38147,20164
611,inamilu,1,0.00496,4514,22.38643,20164
612,inquire,1,0.00496,4515,22.39139,20164
613,jackyh,1,0.00496,4516,22.39635,20164
614,jacob-hd,1,0.00496,4517,22.40131,20164
615,jagpreetsinghsasan,1,0.00496,4518,22.40627,20164
616,JamesPace-GBI,1,0.00496,4519,22.41123,20164
617,jamessthompson,1,0.00496,4520,22.41619,20164
618,jamoham,1,0.00496,4521,22.42115,20164
619,jasperkuperus,1,0.00496,4522,22.42611,20164
620,javiku,1,0.00496,4523,22.43107,20164
621,jBouyoud,1,0.00496,4524,22.43602,20164
622,jekirl,1,0.00496,4525,22.44098,20164
623,Jethzabell,1,0.00496,4526,22.44594,20164
624,jhamiltonengineer,1,0.00496,4527,22.45090,20164
625,jimmya,1,0.00496,4528,22.45586,20164
626,jjLudin,1,0.00496,4529,22.46082,20164
627,jkauffmann-ubi,1,0.00496,4530,22.46578,20164
628,jkornwitz-ptc,1,0.00496,4531,22.47074,20164
629,jmays4,1,0.00496,4532,22.47570,20164
630,jocortems,1,0.00496,4533,22.48066,20164
631,johannesehrhart,1,0.00496,4534,22.48562,20164
632,johnb-mty,1,0.00496,4535,22.49058,20164
633,jonathanjfshaw,1,0.00496,4536,22.49554,20164
634,jonathansloman,1,0.00496,4537,22.50050,20164
635,jorgebirck,1,0.00496,4538,22.50546,20164
636,jorgebsa,1,0.00496,4539,22.51041,20164
637,joseguerrero,1,0.00496,4540,22.51537,20164
638,JoshDaone,1,0.00496,4541,22.52033,20164
639,jsrolon,1,0.00496,4542,22.52529,20164
640,jtdawso,1,0.00496,4543,22.53025,20164
641,julio-lopez,1,0.00496,4544,22.53521,20164
642,jvergara-runbuggy,1,0.00496,4545,22.54017,20164
643,jyothiswaroop009,1,0.00496,4546,22.54513,20164
644,karlmutch,1,0.00496,4547,22.55009,20164
645,keshavmaheshwari,1,0.00496,4548,22.55505,20164
646,kevinsuperped,1,0.00496,4549,22.56001,20164
647,kivo360,1,0.00496,4550,22.56497,20164
648,knee-berts,1,0.00496,4551,22.56993,20164
649,koadr,1,0.00496,4552,22.57489,20164
650,kongh,1,0.00496,4553,22.57985,20164
651,krishicks,1,0.00496,4554,22.58480,20164
652,ksummersill2,1,0.00496,4555,22.58976,20164
653,kylegancarzdiscovery,1,0.00496,4556,22.59472,20164
654,l1v3,1,0.00496,4557,22.59968,20164
655,larrywest42,1,0.00496,4558,22.60464,20164
656,lbpage,1,0.00496,4559,22.60960,20164
657,lbrictson,1,0.00496,4560,22.61456,20164
658,leowmjw,1,0.00496,4561,22.61952,20164
659,liderman,1,0.00496,4562,22.62448,20164
660,lily524,1,0.00496,4563,22.62944,20164
661,linbingdouzhe,1,0.00496,4564,22.63440,20164
662,liqweed,1,0.00496,4565,22.63936,20164
663,Litee,1,0.00496,4566,22.64432,20164
664,lixiaofei123,1,0.00496,4567,22.64928,20164
665,logart,1,0.00496,4568,22.65424,20164
666,lorenzo-biava,1,0.00496,4569,22.65919,20164
667,lovers36,1,0.00496,4570,22.66415,20164
668,lrodriguez2002cu,1,0.00496,4571,22.66911,20164
669,lsambolino,1,0.00496,4572,22.67407,20164
670,luxianjun,1,0.00496,4573,22.67903,20164
671,lyptt,1,0.00496,4574,22.68399,20164
672,m0nhawk,1,0.00496,4575,22.68895,20164
673,mahbh2001,1,0.00496,4576,22.69391,20164
674,maheshjss08,1,0.00496,4577,22.69887,20164
675,mantono,1,0.00496,4578,22.70383,20164
676,maquick,1,0.00496,4579,22.70879,20164
677,marecica2,1,0.00496,4580,22.71375,20164
678,mariannegru,1,0.00496,4581,22.71871,20164
679,martaver,1,0.00496,4582,22.72367,20164
680,martincognite,1,0.00496,4583,22.72863,20164
681,martolini,1,0.00496,4584,22.73358,20164
682,marvin-hansen,1,0.00496,4585,22.73854,20164
683,masterxavierfox,1,0.00496,4586,22.74350,20164
684,matdehaast,1,0.00496,4587,22.74846,20164
685,MathiasGr,1,0.00496,4588,22.75342,20164
686,matotias,1,0.00496,4589,22.75838,20164
687,MattCollinge,1,0.00496,4590,22.76334,20164
688,maximematheron,1,0.00496,4591,22.76830,20164
689,mccare,1,0.00496,4592,22.77326,20164
690,MeanderingCode,1,0.00496,4593,22.77822,20164
691,mehdi0haitami,1,0.00496,4594,22.78318,20164
692,Mercbot7,1,0.00496,4595,22.78814,20164
693,mfabiani-av,1,0.00496,4596,22.79310,20164
694,micemuni,1,0.00496,4597,22.79806,20164
695,michaelfindlater,1,0.00496,4598,22.80302,20164
696,michael-leon,1,0.00496,4599,22.80797,20164
697,mikejamesowen,1,0.00496,4600,22.81293,20164
698,mingzwork,1,0.00496,4601,22.81789,20164
699,miracle-jia,1,0.00496,4602,22.82285,20164
700,mjwilkerson-strateos,1,0.00496,4603,22.82781,20164
701,mkjoerg,1,0.00496,4604,22.83277,20164
702,mklueh,1,0.00496,4605,22.83773,20164
703,mojojoji,1,0.00496,4606,22.84269,20164
704,Moncefmd,1,0.00496,4607,22.84765,20164
705,moskyb,1,0.00496,4608,22.85261,20164
706,mrbrianott,1,0.00496,4609,22.85757,20164
707,mr-smithers-excellent,1,0.00496,4610,22.86253,20164
708,MSex,1,0.00496,4611,22.86749,20164
709,mstory21,1,0.00496,4612,22.87245,20164
710,mstrother,1,0.00496,4613,22.87741,20164
711,muharrem-demir,1,0.00496,4614,22.88236,20164
712,MXfive,1,0.00496,4615,22.88732,20164
713,mysteryman-huaqiang,1,0.00496,4616,22.89228,20164
714,nareshganesan,1,0.00496,4617,22.89724,20164
715,neermitt,1,0.00496,4618,22.90220,20164
716,nervouscat,1,0.00496,4619,22.90716,20164
717,ngalaiko,1,0.00496,4620,22.91212,20164
718,nickclare,1,0.00496,4621,22.91708,20164
719,nigeltiany,1,0.00496,4622,22.92204,20164
720,Nightapes,1,0.00496,4623,22.92700,20164
721,nikwest,1,0.00496,4624,22.93196,20164
722,nilesh93,1,0.00496,4625,22.93692,20164
723,Nilsty,1,0.00496,4626,22.94188,20164
724,nodox,1,0.00496,4627,22.94684,20164
725,nscooper,1,0.00496,4628,22.95180,20164
726,nshazly,1,0.00496,4629,22.95675,20164
727,ntolia,1,0.00496,4630,22.96171,20164
728,NunoPinheiro,1,0.00496,4631,22.96667,20164
729,ofinto,1,0.00496,4632,22.97163,20164
730,olavim,1,0.00496,4633,22.97659,20164
731,onkarbhat,1,0.00496,4634,22.98155,20164
732,orendain,1,0.00496,4635,22.98651,20164
733,overthetop,1,0.00496,4636,22.99147,20164
734,pawanyoda,1,0.00496,4637,22.99643,20164
735,peopeo,1,0.00496,4638,23.00139,20164
736,petejohanson,1,0.00496,4639,23.00635,20164
737,pgold30,1,0.00496,4640,23.01131,20164
738,PHameete,1,0.00496,4641,23.01627,20164
739,Phenyx,1,0.00496,4642,23.02123,20164
740,PhilipMantrov,1,0.00496,4643,23.02619,20164
741,phyllisstein,1,0.00496,4644,23.03114,20164
742,pourquoi42,1,0.00496,4645,23.03610,20164
743,protheusfr,1,0.00496,4646,23.04106,20164
744,ptagr,1,0.00496,4647,23.04602,20164
745,pushpen12,1,0.00496,4648,23.05098,20164
746,pwen,1,0.00496,4649,23.05594,20164
747,QuanNham-GBI,1,0.00496,4650,23.06090,20164
748,rafmonteiro,1,0.00496,4651,23.06586,20164
749,RajeshHegde,1,0.00496,4652,23.07082,20164
750,rajetta,1,0.00496,4653,23.07578,20164
751,Rathgore,1,0.00496,4654,23.08074,20164
752,razcakappa,1,0.00496,4655,23.08570,20164
753,rbmoore,1,0.00496,4656,23.09066,20164
754,renatodelgaudio,1,0.00496,4657,23.09562,20164
755,renperez,1,0.00496,4658,23.10058,20164
756,Reris,1,0.00496,4659,23.10553,20164
757,Resonance1584,1,0.00496,4660,23.11049,20164
758,rhysm,1,0.00496,4661,23.11545,20164
759,rhzs,1,0.00496,4662,23.12041,20164
760,riadmuratspahic,1,0.00496,4663,23.12537,20164
761,ricardodnb,1,0.00496,4664,23.13033,20164
762,riccardopedrielli,1,0.00496,4665,23.13529,20164
763,rickardl,1,0.00496,4666,23.14025,20164
764,rkrgarlapati,1,0.00496,4667,23.14521,20164
765,rljohnsn,1,0.00496,4668,23.15017,20164
766,rmcclaincf,1,0.00496,4669,23.15513,20164
767,robc-io,1,0.00496,4670,23.16009,20164
768,robinjoseph08,1,0.00496,4671,23.16505,20164
769,rokostik,1,0.00496,4672,23.17001,20164
770,ronnathaniel,1,0.00496,4673,23.17497,20164
771,ropnop,1,0.00496,4674,23.17992,20164
772,sadeghhp,1,0.00496,4675,23.18488,20164
773,sandesh9989,1,0.00496,4676,23.18984,20164
774,sanguinius69,1,0.00496,4677,23.19480,20164
775,Sanket110297,1,0.00496,4678,23.19976,20164
776,satish-cevp,1,0.00496,4679,23.20472,20164
777,satish-cevp85,1,0.00496,4680,23.20968,20164
778,sbaum1994,1,0.00496,4681,23.21464,20164
779,schoren,1,0.00496,4682,23.21960,20164
780,Scisci75,1,0.00496,4683,23.22456,20164
781,screamyao,1,0.00496,4684,23.22952,20164
782,scse-l,1,0.00496,4685,23.23448,20164
783,sdiaz,1,0.00496,4686,23.23944,20164
784,sebarys,1,0.00496,4687,23.24440,20164
785,sebastianneb,1,0.00496,4688,23.24936,20164
786,Seb-SK,1,0.00496,4689,23.25431,20164
787,severity1,1,0.00496,4690,23.25927,20164
788,shanoor,1,0.00496,4691,23.26423,20164
789,Shivam9268,1,0.00496,4692,23.26919,20164
790,shogomuranushi,1,0.00496,4693,23.27415,20164
791,shubhamitc,1,0.00496,4694,23.27911,20164
792,shubhamsony,1,0.00496,4695,23.28407,20164
793,sim1,1,0.00496,4696,23.28903,20164
794,slamdev,1,0.00496,4697,23.29399,20164
795,slankas,1,0.00496,4698,23.29895,20164
796,smrutimandal,1,0.00496,4699,23.30391,20164
797,songole,1,0.00496,4700,23.30887,20164
798,sreddybr3,1,0.00496,4701,23.31383,20164
799,srishti0190,1,0.00496,4702,23.31879,20164
800,sriveros95,1,0.00496,4703,23.32375,20164
801,steffen-geissinger-jdas,1,0.00496,4704,23.32870,20164
802,stingerpk,1,0.00496,4705,23.33366,20164
803,SupremeTechnopriest,1,0.00496,4706,23.33862,20164
804,Sushma10037017,1,0.00496,4707,23.34358,20164
805,TechCanuck,1,0.00496,4708,23.34854,20164
806,thecodacus,1,0.00496,4709,23.35350,20164
807,thethan,1,0.00496,4710,23.35846,20164
808,thinhpham,1,0.00496,4711,23.36342,20164
809,tkurylek,1,0.00496,4712,23.36838,20164
810,toidi,1,0.00496,4713,23.37334,20164
811,tomburns,1,0.00496,4714,23.37830,20164
812,torian,1,0.00496,4715,23.38326,20164
813,triplewy,1,0.00496,4716,23.38822,20164
814,tsunny,1,0.00496,4717,23.39318,20164
815,ttfreeman,1,0.00496,4718,23.39814,20164
816,tuo,1,0.00496,4719,23.40309,20164
817,turnham,1,0.00496,4720,23.40805,20164
818,tylermurry,1,0.00496,4721,23.41301,20164
819,udrwt,1,0.00496,4722,23.41797,20164
820,umardx,1,0.00496,4723,23.42293,20164
821,User1m,1,0.00496,4724,23.42789,20164
822,vadimkim,1,0.00496,4725,23.43285,20164
823,van-vliet,1,0.00496,4726,23.43781,20164
824,Vchabs,1,0.00496,4727,23.44277,20164
825,Viacheslav-Akimov,1,0.00496,4728,23.44773,20164
826,vichaos,1,0.00496,4729,23.45269,20164
827,vikramkhatri,1,0.00496,4730,23.45765,20164
828,virgild,1,0.00496,4731,23.46261,20164
829,vmwghbot,1,0.00496,4732,23.46757,20164
830,vtremblay,1,0.00496,4733,23.47253,20164
831,washanhanzi,1,0.00496,4734,23.47748,20164
832,wenhui01,1,0.00496,4735,23.48244,20164
833,Whamied,1,0.00496,4736,23.48740,20164
834,WxFang,1,0.00496,4737,23.49236,20164
835,xadhatter,1,0.00496,4738,23.49732,20164
836,Xerodesign,1,0.00496,4739,23.50228,20164
837,xiangjunhuang,1,0.00496,4740,23.50724,20164
838,xuhuajie,1,0.00496,4741,23.51220,20164
839,xxfauzanxx,1,0.00496,4742,23.51716,20164
840,yannick,1,0.00496,4743,23.52212,20164
841,Yavin,1,0.00496,4744,23.52708,20164
842,yevhenii-yaremenko,1,0.00496,4745,23.53204,20164
843,ymasiuk,1,0.00496,4746,23.53700,20164
844,Yogendra-P,1,0.00496,4747,23.54196,20164
845,Yogu,1,0.00496,4748,23.54692,20164
846,yoka791,1,0.00496,4749,23.55187,20164
847,yokiworks,1,0.00496,4750,23.55683,20164
848,youalreadydid,1,0.00496,4751,23.56179,20164
849,yunfhu,1,0.00496,4752,23.56675,20164
850,yyovkov,1,0.00496,4753,23.57171,20164
851,zahodi,1,0.00496,4754,23.57667,20164
852,zeeZ,1,0.00496,4755,23.58163,20164
853,zhaohb,1,0.00496,4756,23.58659,20164
854,zombor,1,0.00496,4757,23.59155,20164
855,zsjohny,1,0.00496,4758,23.59651,20164
856,zxgm,1,0.00496,4759,23.60147,20164
