rank_number,actor,contributions,percent,cumulative_sum,cumulative_percent,all_contributions
1,M00nF1sh,958,0.54915,958,0.54915,174450
2,howieyuen,378,0.21668,1336,0.76584,174450
3,mattcary,365,0.20923,1701,0.97506,174450
4,JornShen,256,0.14675,1957,1.12181,174450
5,zhiguo-lu,169,0.09688,2126,1.21869,174450
6,bl-ue,160,0.09172,2286,1.31040,174450
7,guzj11,148,0.08484,2434,1.39524,174450
8,lala123912,145,0.08312,2579,1.47836,174450
9,LuckySB,131,0.07509,2710,1.55345,174450
10,VivekThrivikraman-est,129,0.07395,2839,1.62740,174450
11,farah,117,0.06707,2956,1.69447,174450
12,masap,105,0.06019,3061,1.75466,174450
13,lipingxue,104,0.05962,3165,1.81427,174450
14,DangerOnTheRanger,102,0.05847,3267,1.87274,174450
15,yuandongx,102,0.05847,3369,1.93121,174450
16,k-wiatrzyk,99,0.05675,3468,1.98796,174450
17,chenyw1990,98,0.05618,3566,2.04414,174450
18,zhaojizhuang,94,0.05388,3660,2.09802,174450
19,champtar,83,0.04758,3743,2.14560,174450
20,eratnch,78,0.04471,3821,2.19031,174450
21,raghvenders,78,0.04471,3899,2.23502,174450
22,thomacos,77,0.04414,3976,2.27916,174450
23,wangxy518,76,0.04357,4052,2.32273,174450
24,sashrith,70,0.04013,4122,2.36285,174450
25,Aut0R3V,69,0.03955,4191,2.40241,174450
26,ruiwen-zhao,68,0.03898,4259,2.44139,174450
27,vamossagar12,66,0.03783,4325,2.47922,174450
28,bhavyachoudhary,65,0.03726,4390,2.51648,174450
29,Sophy417,65,0.03726,4455,2.55374,174450
30,kosehy,64,0.03669,4519,2.59043,174450
31,songjiaxun,62,0.03554,4581,2.62597,174450
32,leilajal,57,0.03267,4638,2.65864,174450
33,frbimo,54,0.03095,4692,2.68960,174450
34,reylejano-rxm,54,0.03095,4746,2.72055,174450
35,MaXinjian,53,0.03038,4799,2.75093,174450
36,hanamantagoudvk,52,0.02981,4851,2.78074,174450
37,jiaxunsongucb,50,0.02866,4901,2.80940,174450
38,markruler,50,0.02866,4951,2.83806,174450
39,annapendleton,49,0.02809,5000,2.86615,174450
40,erismaster,49,0.02809,5049,2.89424,174450
41,PatrickXYS,49,0.02809,5098,2.92233,174450
42,yuanhuaiwang,49,0.02809,5147,2.95042,174450
43,jqmichael,47,0.02694,5194,2.97736,174450
44,realshuting,46,0.02637,5240,3.00373,174450
45,iciclespider,45,0.02580,5285,3.02952,174450
46,Promaethius,45,0.02580,5330,3.05532,174450
47,bvwells,44,0.02522,5374,3.08054,174450
48,HaonanFeng,44,0.02522,5418,3.10576,174450
49,perithompson,43,0.02465,5461,3.13041,174450
50,dlouks,42,0.02408,5503,3.15449,174450
51,kavyashree-r,40,0.02293,5543,3.17741,174450
52,nearora-msft,40,0.02293,5583,3.20034,174450
53,somersbmatthews,40,0.02293,5623,3.22327,174450
54,bai,39,0.02236,5662,3.24563,174450
55,eth0xFEED,39,0.02236,5701,3.26799,174450
56,mpherman2,39,0.02236,5740,3.29034,174450
57,runewake2,39,0.02236,5779,3.31270,174450
58,aayushrangwala,38,0.02178,5817,3.33448,174450
59,spowelljr,35,0.02006,5852,3.35454,174450
60,Wenshiqi222,35,0.02006,5887,3.37461,174450
61,kenji-cloudnatix,34,0.01949,5921,3.39410,174450
62,dantingl,33,0.01892,5954,3.41301,174450
63,leeyspaul,33,0.01892,5987,3.43193,174450
64,anthr76,32,0.01834,6019,3.45027,174450
65,baiyutang,32,0.01834,6051,3.46862,174450
66,dearchap,32,0.01834,6083,3.48696,174450
67,elgamal2020,32,0.01834,6115,3.50530,174450
68,qiutongs,32,0.01834,6147,3.52365,174450
69,jiazxjason,31,0.01777,6178,3.54142,174450
70,kumars17,31,0.01777,6209,3.55919,174450
71,vinny-sabatini,31,0.01777,6240,3.57696,174450
72,fourpastmidnight,30,0.01720,6270,3.59415,174450
73,lis102,30,0.01720,6300,3.61135,174450
74,theSinner,30,0.01720,6330,3.62855,174450
75,eddycharly,29,0.01662,6359,3.64517,174450
76,fnpanic,29,0.01662,6388,3.66179,174450
77,mark-church,29,0.01662,6417,3.67842,174450
78,jlsong01,28,0.01605,6445,3.69447,174450
79,SyamSundarKirubakaran,28,0.01605,6473,3.71052,174450
80,bnrjee,27,0.01548,6500,3.72600,174450
81,caiwenzh,27,0.01548,6527,3.74147,174450
82,chenk008,27,0.01548,6554,3.75695,174450
83,Emc1992,27,0.01548,6581,3.77243,174450
84,JiaoDean,27,0.01548,6608,3.78790,174450
85,rptaylor,27,0.01548,6635,3.80338,174450
86,vpnachev,27,0.01548,6662,3.81886,174450
87,vsychov,27,0.01548,6689,3.83434,174450
88,adamzhoul,26,0.01490,6715,3.84924,174450
89,edglynes,26,0.01490,6741,3.86414,174450
90,kqzh,26,0.01490,6767,3.87905,174450
91,mlevesquedion,26,0.01490,6793,3.89395,174450
92,rayw000,26,0.01490,6819,3.90886,174450
93,ryaneorth,26,0.01490,6845,3.92376,174450
94,thatsmydoing,26,0.01490,6871,3.93866,174450
95,clearday4,25,0.01433,6896,3.95300,174450
96,gwang550,25,0.01433,6921,3.96733,174450
97,jmpfar,25,0.01433,6946,3.98166,174450
98,nitrag,25,0.01433,6971,3.99599,174450
99,pandaamanda,25,0.01433,6996,4.01032,174450
100,reylejano,25,0.01433,7021,4.02465,174450
101,tkms0106,25,0.01433,7046,4.03898,174450
102,zhoudayongdennis,25,0.01433,7071,4.05331,174450
103,ajaygm,24,0.01376,7095,4.06707,174450
104,avorima,24,0.01376,7119,4.08083,174450
105,christianjoun,24,0.01376,7143,4.09458,174450
106,clarkmcc,24,0.01376,7167,4.10834,174450
107,FabianKramm,24,0.01376,7191,4.12210,174450
108,iotty,24,0.01376,7215,4.13586,174450
109,shekhar-rajak,24,0.01376,7239,4.14961,174450
110,yaroslava-serdiuk,24,0.01376,7263,4.16337,174450
111,Akhilesh2412,23,0.01318,7286,4.17655,174450
112,onepos-zaika,23,0.01318,7309,4.18974,174450
113,rajibmitra,23,0.01318,7332,4.20292,174450
114,tcordeu,23,0.01318,7355,4.21611,174450
115,CKchen0726,22,0.01261,7377,4.22872,174450
116,dntosas,22,0.01261,7399,4.24133,174450
117,edreed,22,0.01261,7421,4.25394,174450
118,varunpurohit76,22,0.01261,7443,4.26655,174450
119,vMansiShah,22,0.01261,7465,4.27916,174450
120,wangyx1992,22,0.01261,7487,4.29177,174450
121,Bledai,21,0.01204,7508,4.30381,174450
122,tanjing2020,21,0.01204,7529,4.31585,174450
123,venkatnsrinivasan,21,0.01204,7550,4.32789,174450
124,vicsufer,21,0.01204,7571,4.33993,174450
125,zhangguanzhang,21,0.01204,7592,4.35196,174450
126,ZihanJiang96,21,0.01204,7613,4.36400,174450
127,daniel-hutao,20,0.01146,7633,4.37547,174450
128,deads4k,20,0.01146,7653,4.38693,174450
129,jetersen,20,0.01146,7673,4.39839,174450
130,llyons,20,0.01146,7693,4.40986,174450
131,matthchr,20,0.01146,7713,4.42132,174450
132,moikot,20,0.01146,7733,4.43279,174450
133,netikras,20,0.01146,7753,4.44425,174450
134,qu1queee,20,0.01146,7773,4.45572,174450
135,rdxmb,20,0.01146,7793,4.46718,174450
136,victor-timofei,20,0.01146,7813,4.47865,174450
137,azhao155,19,0.01089,7832,4.48954,174450
138,catblade,19,0.01089,7851,4.50043,174450
139,chinazj,19,0.01089,7870,4.51132,174450
140,cmastr,19,0.01089,7889,4.52221,174450
141,Frodez,19,0.01089,7908,4.53310,174450
142,gkao123,19,0.01089,7927,4.54400,174450
143,holmesb,19,0.01089,7946,4.55489,174450
144,JosephKang,19,0.01089,7965,4.56578,174450
145,joshua-bone,19,0.01089,7984,4.57667,174450
146,khushbuparakh,19,0.01089,8003,4.58756,174450
147,sshiba,19,0.01089,8022,4.59845,174450
148,stevenshuang,19,0.01089,8041,4.60934,174450
149,tiwalter,19,0.01089,8060,4.62024,174450
150,vishsangale,19,0.01089,8079,4.63113,174450
151,axelgobletbdr,18,0.01032,8097,4.64144,174450
152,basvandenbrink,18,0.01032,8115,4.65176,174450
153,bingbing8,18,0.01032,8133,4.66208,174450
154,bttger,18,0.01032,8151,4.67240,174450
155,conrallendale,18,0.01032,8169,4.68272,174450
156,hillbun,18,0.01032,8187,4.69304,174450
157,IanColdwater,18,0.01032,8205,4.70335,174450
158,ITonyLi,18,0.01032,8223,4.71367,174450
159,karancode,18,0.01032,8241,4.72399,174450
160,kendallroden,18,0.01032,8259,4.73431,174450
161,Rajalakshmi-Girish,18,0.01032,8277,4.74463,174450
162,santadasu,18,0.01032,8295,4.75494,174450
163,tsunny,18,0.01032,8313,4.76526,174450
164,akitok,17,0.00974,8330,4.77501,174450
165,atulaggarwal,17,0.00974,8347,4.78475,174450
166,BigDarkClown,17,0.00974,8364,4.79450,174450
167,DP19,17,0.00974,8381,4.80424,174450
168,dprabhua,17,0.00974,8398,4.81399,174450
169,dty1er,17,0.00974,8415,4.82373,174450
170,dudicoco,17,0.00974,8432,4.83348,174450
171,hakoerber,17,0.00974,8449,4.84322,174450
172,monicagangwar,17,0.00974,8466,4.85297,174450
173,shiresky,17,0.00974,8483,4.86271,174450
174,wangchen615,17,0.00974,8500,4.87246,174450
175,yiweng-amz,17,0.00974,8517,4.88220,174450
176,auxten,16,0.00917,8533,4.89137,174450
177,b3atlesfan,16,0.00917,8549,4.90054,174450
178,brandong954,16,0.00917,8565,4.90972,174450
179,chiehmin,16,0.00917,8581,4.91889,174450
180,dostalradim,16,0.00917,8597,4.92806,174450
181,etefera,16,0.00917,8613,4.93723,174450
182,fragtom,16,0.00917,8629,4.94640,174450
183,irbekrm,16,0.00917,8645,4.95557,174450
184,kfirfer,16,0.00917,8661,4.96475,174450
185,lanandra,16,0.00917,8677,4.97392,174450
186,liorokman,16,0.00917,8693,4.98309,174450
187,matthewmichihara,16,0.00917,8709,4.99226,174450
188,medined,16,0.00917,8725,5.00143,174450
189,pallabi-sutradhar,16,0.00917,8741,5.01060,174450
190,ryanjbaxter,16,0.00917,8757,5.01978,174450
191,schrej,16,0.00917,8773,5.02895,174450
192,tetrohed,16,0.00917,8789,5.03812,174450
193,adeniyistephen,15,0.00860,8804,5.04672,174450
194,alex-vmw,15,0.00860,8819,5.05532,174450
195,Asarew,15,0.00860,8834,5.06392,174450
196,capri-xiyue,15,0.00860,8849,5.07251,174450
197,DiptoChakrabarty,15,0.00860,8864,5.08111,174450
198,distortedsignal,15,0.00860,8879,5.08971,174450
199,ephesused,15,0.00860,8894,5.09831,174450
200,foreversunyao,15,0.00860,8909,5.10691,174450
201,Frassle,15,0.00860,8924,5.11551,174450
202,jayantjain93,15,0.00860,8939,5.12410,174450
203,lizhuqi,15,0.00860,8954,5.13270,174450
204,lyind,15,0.00860,8969,5.14130,174450
205,stylianosrigas,15,0.00860,8984,5.14990,174450
206,tasekida,15,0.00860,8999,5.15850,174450
207,tuusberg,15,0.00860,9014,5.16710,174450
208,AdityaMisra,14,0.00803,9028,5.17512,174450
209,antcs,14,0.00803,9042,5.18315,174450
210,astrived,14,0.00803,9056,5.19117,174450
211,basantsa1989,14,0.00803,9070,5.19920,174450
212,chiehpower,14,0.00803,9084,5.20722,174450
213,cyberblack28,14,0.00803,9098,5.21525,174450
214,dr4Ke,14,0.00803,9112,5.22327,174450
215,dsonck92,14,0.00803,9126,5.23130,174450
216,h1z3y3,14,0.00803,9140,5.23932,174450
217,HerrNaN,14,0.00803,9154,5.24735,174450
218,ianbuss,14,0.00803,9168,5.25537,174450
219,irizzant,14,0.00803,9182,5.26340,174450
220,kinghrothgar,14,0.00803,9196,5.27142,174450
221,kk-src,14,0.00803,9210,5.27945,174450
222,maaoBit,14,0.00803,9224,5.28747,174450
223,majinghe,14,0.00803,9238,5.29550,174450
224,maybe-sybr,14,0.00803,9252,5.30353,174450
225,nic-6443,14,0.00803,9266,5.31155,174450
226,Nokel81,14,0.00803,9280,5.31958,174450
227,oldthreefeng,14,0.00803,9294,5.32760,174450
228,webern,14,0.00803,9308,5.33563,174450
229,wenzong,14,0.00803,9322,5.34365,174450
230,Yoshiki0705,14,0.00803,9336,5.35168,174450
231,abelbarrera15,13,0.00745,9349,5.35913,174450
232,abhay-krishna,13,0.00745,9362,5.36658,174450
233,akanso,13,0.00745,9375,5.37403,174450
234,alanbchristie,13,0.00745,9388,5.38148,174450
235,azkore,13,0.00745,9401,5.38894,174450
236,b10s,13,0.00745,9414,5.39639,174450
237,binman-docker,13,0.00745,9427,5.40384,174450
238,changshuchao,13,0.00745,9440,5.41129,174450
239,chuckpiercey,13,0.00745,9453,5.41874,174450
240,daehyeok,13,0.00745,9466,5.42620,174450
241,dealboy,13,0.00745,9479,5.43365,174450
242,dominikbraun,13,0.00745,9492,5.44110,174450
243,foriequal0,13,0.00745,9505,5.44855,174450
244,FrankYang0529,13,0.00745,9518,5.45600,174450
245,godomainz,13,0.00745,9531,5.46346,174450
246,hershkoy,13,0.00745,9544,5.47091,174450
247,Himanshuxone,13,0.00745,9557,5.47836,174450
248,huiwq1990,13,0.00745,9570,5.48581,174450
249,hvenev-vmware,13,0.00745,9583,5.49326,174450
250,Insullone,13,0.00745,9596,5.50072,174450
251,JonghunBok,13,0.00745,9609,5.50817,174450
252,jsonmp-k8,13,0.00745,9622,5.51562,174450
253,jsrz,13,0.00745,9635,5.52307,174450
254,kavitha-jm,13,0.00745,9648,5.53052,174450
255,KR411-prog,13,0.00745,9661,5.53798,174450
256,manueltellez,13,0.00745,9674,5.54543,174450
257,monitor1379,13,0.00745,9687,5.55288,174450
258,MOZGIII,13,0.00745,9700,5.56033,174450
259,ntaylor1781,13,0.00745,9713,5.56778,174450
260,petermicuch,13,0.00745,9726,5.57524,174450
261,radTuti,13,0.00745,9739,5.58269,174450
262,sfotony,13,0.00745,9752,5.59014,174450
263,simonvane,13,0.00745,9765,5.59759,174450
264,srajmane,13,0.00745,9778,5.60504,174450
265,ssvvnn,13,0.00745,9791,5.61250,174450
266,StefanLobbenmeier,13,0.00745,9804,5.61995,174450
267,stoneshi-yunify,13,0.00745,9817,5.62740,174450
268,sushil97,13,0.00745,9830,5.63485,174450
269,tmaxjmc,13,0.00745,9843,5.64230,174450
270,tomhjp,13,0.00745,9856,5.64976,174450
271,umialpha,13,0.00745,9869,5.65721,174450
272,varadaprasanth,13,0.00745,9882,5.66466,174450
273,wangao1236,13,0.00745,9895,5.67211,174450
274,wenyingd,13,0.00745,9908,5.67956,174450
275,anmol372,12,0.00688,9920,5.68644,174450
276,arindamdat,12,0.00688,9932,5.69332,174450
277,arisgi,12,0.00688,9944,5.70020,174450
278,BoBiene,12,0.00688,9956,5.70708,174450
279,Celthi,12,0.00688,9968,5.71396,174450
280,champak,12,0.00688,9980,5.72084,174450
281,christomas1,12,0.00688,9992,5.72772,174450
282,Daxcor69,12,0.00688,10004,5.73459,174450
283,dchusovitin,12,0.00688,10016,5.74147,174450
284,dkorzuno,12,0.00688,10028,5.74835,174450
285,dsbrng25b,12,0.00688,10040,5.75523,174450
286,DVGY,12,0.00688,10052,5.76211,174450
287,elweb9858,12,0.00688,10064,5.76899,174450
288,endocrimes,12,0.00688,10076,5.77587,174450
289,fishautumn,12,0.00688,10088,5.78275,174450
290,hsyl4125,12,0.00688,10100,5.78962,174450
291,jc-roman,12,0.00688,10112,5.79650,174450
292,jeffreybrowning,12,0.00688,10124,5.80338,174450
293,jonesbr17,12,0.00688,10136,5.81026,174450
294,kisieland,12,0.00688,10148,5.81714,174450
295,lethe2211,12,0.00688,10160,5.82402,174450
296,lmm,12,0.00688,10172,5.83090,174450
297,LogicalShark,12,0.00688,10184,5.83778,174450
298,madhu131313,12,0.00688,10196,5.84465,174450
299,miamipanther,12,0.00688,10208,5.85153,174450
300,noquarteer,12,0.00688,10220,5.85841,174450
301,pantelis-karamolegkos,12,0.00688,10232,5.86529,174450
302,postmaxin,12,0.00688,10244,5.87217,174450
303,rgowrishankar,12,0.00688,10256,5.87905,174450
304,sculley,12,0.00688,10268,5.88593,174450
305,seongpyoHong,12,0.00688,10280,5.89281,174450
306,sunshone,12,0.00688,10292,5.89968,174450
307,tobiaskohlbau,12,0.00688,10304,5.90656,174450
308,tparikh,12,0.00688,10316,5.91344,174450
309,wabernatScality,12,0.00688,10328,5.92032,174450
310,walkley,12,0.00688,10340,5.92720,174450
311,wespanther,12,0.00688,10352,5.93408,174450
312,WillWcchan,12,0.00688,10364,5.94096,174450
313,wimo7083,12,0.00688,10376,5.94784,174450
314,xiesheng211,12,0.00688,10388,5.95471,174450
315,xq2005,12,0.00688,10400,5.96159,174450
316,yehiyam,12,0.00688,10412,5.96847,174450
317,ying2025,12,0.00688,10424,5.97535,174450
318,yodarshafrir1,12,0.00688,10436,5.98223,174450
319,yoichiro0217,12,0.00688,10448,5.98911,174450
320,ZongqiangZhang,12,0.00688,10460,5.99599,174450
321,adamnovak,11,0.00631,10471,6.00229,174450
322,akonrath,11,0.00631,10482,6.00860,174450
323,ambguo,11,0.00631,10493,6.01490,174450
324,AntonSmolkov,11,0.00631,10504,6.02121,174450
325,BedivereZero,11,0.00631,10515,6.02752,174450
326,btrx-rkazi,11,0.00631,10526,6.03382,174450
327,bugok,11,0.00631,10537,6.04013,174450
328,CaoDonghui123,11,0.00631,10548,6.04643,174450
329,chemikadze,11,0.00631,10559,6.05274,174450
330,Chivolta,11,0.00631,10570,6.05904,174450
331,dangen-effy,11,0.00631,10581,6.06535,174450
332,djablonski-moia,11,0.00631,10592,6.07165,174450
333,dmakeroam,11,0.00631,10603,6.07796,174450
334,fanxiin,11,0.00631,10614,6.08426,174450
335,gutek9,11,0.00631,10625,6.09057,174450
336,hejun126,11,0.00631,10636,6.09688,174450
337,isantospardo,11,0.00631,10647,6.10318,174450
338,ITD27M01,11,0.00631,10658,6.10949,174450
339,jm1223kim,11,0.00631,10669,6.11579,174450
340,JonathanLachapelle,11,0.00631,10680,6.12210,174450
341,jrstrengen,11,0.00631,10691,6.12840,174450
342,JubayerJoy,11,0.00631,10702,6.13471,174450
343,junghyeonsu,11,0.00631,10713,6.14101,174450
344,kanukhosla,11,0.00631,10724,6.14732,174450
345,kitos9112,11,0.00631,10735,6.15363,174450
346,kohtala,11,0.00631,10746,6.15993,174450
347,korjek,11,0.00631,10757,6.16624,174450
348,liuming-dev,11,0.00631,10768,6.17254,174450
349,LochanRn,11,0.00631,10779,6.17885,174450
350,loozhengyuan,11,0.00631,10790,6.18515,174450
351,malcolm061990,11,0.00631,10801,6.19146,174450
352,mamiu,11,0.00631,10812,6.19776,174450
353,MarcPow,11,0.00631,10823,6.20407,174450
354,marunachalam,11,0.00631,10834,6.21038,174450
355,mbroz2,11,0.00631,10845,6.21668,174450
356,mgabeler-lee-6rs,11,0.00631,10856,6.22299,174450
357,montmanu,11,0.00631,10867,6.22929,174450
358,movingfinger,11,0.00631,10878,6.23560,174450
359,ncri,11,0.00631,10889,6.24190,174450
360,osaffer,11,0.00631,10900,6.24821,174450
361,pbalexlear,11,0.00631,10911,6.25451,174450
362,r0bj,11,0.00631,10922,6.26082,174450
363,sachinkumarsingh092,11,0.00631,10933,6.26713,174450
364,SameeraGrandhi,11,0.00631,10944,6.27343,174450
365,sangam14,11,0.00631,10955,6.27974,174450
366,shubhamavi,11,0.00631,10966,6.28604,174450
367,spencer-p,11,0.00631,10977,6.29235,174450
368,SwanSpouse,11,0.00631,10988,6.29865,174450
369,wenxinnnnn,11,0.00631,10999,6.30496,174450
370,yixin21,11,0.00631,11010,6.31126,174450
371,yuswift,11,0.00631,11021,6.31757,174450
372,yylt,11,0.00631,11032,6.32388,174450
373,antaloala,10,0.00573,11042,6.32961,174450
374,balibebas,10,0.00573,11052,6.33534,174450
375,BenAji,10,0.00573,11062,6.34107,174450
376,ckyiricky,10,0.00573,11072,6.34680,174450
377,cprayer,10,0.00573,11082,6.35254,174450
378,devries,10,0.00573,11092,6.35827,174450
379,flo-02-mu,10,0.00573,11102,6.36400,174450
380,fnurk,10,0.00573,11112,6.36973,174450
381,gaurav517,10,0.00573,11122,6.37547,174450
382,GRXself,10,0.00573,11132,6.38120,174450
383,imyashvinder,10,0.00573,11142,6.38693,174450
384,ingbyr,10,0.00573,11152,6.39266,174450
385,jfbai,10,0.00573,11162,6.39839,174450
386,jonathanheaden,10,0.00573,11172,6.40413,174450
387,JorenZ,10,0.00573,11182,6.40986,174450
388,joshiste,10,0.00573,11192,6.41559,174450
389,Kafei59,10,0.00573,11202,6.42132,174450
390,karasjoh000,10,0.00573,11212,6.42706,174450
391,kazimsarikaya,10,0.00573,11222,6.43279,174450
392,keperry,10,0.00573,11232,6.43852,174450
393,kmmanto,10,0.00573,11242,6.44425,174450
394,krol3,10,0.00573,11252,6.44999,174450
395,loveRhythm1990,10,0.00573,11262,6.45572,174450
396,Mathew857,10,0.00573,11272,6.46145,174450
397,mdgrotheer,10,0.00573,11282,6.46718,174450
398,mikeyrcamp,10,0.00573,11292,6.47291,174450
399,mugdha-adhav,10,0.00573,11302,6.47865,174450
400,mylovepooh,10,0.00573,11312,6.48438,174450
401,mzingarelli,10,0.00573,11322,6.49011,174450
402,nielsbasjes,10,0.00573,11332,6.49584,174450
403,nitingadekar,10,0.00573,11342,6.50158,174450
404,nniehoff,10,0.00573,11352,6.50731,174450
405,omnibs,10,0.00573,11362,6.51304,174450
406,Pick1a1username,10,0.00573,11372,6.51877,174450
407,PriyaModali,10,0.00573,11382,6.52451,174450
408,rafal-jan,10,0.00573,11392,6.53024,174450
409,shuangkun,10,0.00573,11402,6.53597,174450
410,Shuanglu,10,0.00573,11412,6.54170,174450
411,stavalfi,10,0.00573,11422,6.54743,174450
412,sumitKash,10,0.00573,11432,6.55317,174450
413,suramrit,10,0.00573,11442,6.55890,174450
414,suryast,10,0.00573,11452,6.56463,174450
415,xujyan,10,0.00573,11462,6.57036,174450
416,ycyxuehan,10,0.00573,11472,6.57610,174450
417,yehaifeng,10,0.00573,11482,6.58183,174450
418,zhaocheng173,10,0.00573,11492,6.58756,174450
419,zoltan0907,10,0.00573,11502,6.59329,174450
420,abhimjoshi,9,0.00516,11511,6.59845,174450
421,abudavis,9,0.00516,11520,6.60361,174450
422,AirbornePorcine,9,0.00516,11529,6.60877,174450
423,AmoVanB,9,0.00516,11538,6.61393,174450
424,anjkl,9,0.00516,11547,6.61909,174450
425,anmolbabu,9,0.00516,11556,6.62425,174450
426,Arsen-Uulu,9,0.00516,11565,6.62941,174450
427,bluven,9,0.00516,11574,6.63457,174450
428,bozzo,9,0.00516,11583,6.63972,174450
429,brianmay,9,0.00516,11592,6.64488,174450
430,chrisliu1995,9,0.00516,11601,6.65004,174450
431,codayblue,9,0.00516,11610,6.65520,174450
432,corehello,9,0.00516,11619,6.66036,174450
433,denissabramovs,9,0.00516,11628,6.66552,174450
434,devurandom,9,0.00516,11637,6.67068,174450
435,dhananjaya-senanayake,9,0.00516,11646,6.67584,174450
436,doeasier,9,0.00516,11655,6.68100,174450
437,Duologic,9,0.00516,11664,6.68616,174450
438,FWiesner,9,0.00516,11673,6.69132,174450
439,gonzalobarbitta,9,0.00516,11682,6.69647,174450
440,iusergii,9,0.00516,11691,6.70163,174450
441,jasperf,9,0.00516,11700,6.70679,174450
442,jeenx,9,0.00516,11709,6.71195,174450
443,JeremyShih,9,0.00516,11718,6.71711,174450
444,jess-edwards,9,0.00516,11727,6.72227,174450
445,joadavis,9,0.00516,11736,6.72743,174450
446,joostas,9,0.00516,11745,6.73259,174450
447,joshmue,9,0.00516,11754,6.73775,174450
448,jpmsilva,9,0.00516,11763,6.74291,174450
449,jwesolowski-rms,9,0.00516,11772,6.74807,174450
450,kamilzzz,9,0.00516,11781,6.75322,174450
451,kaykhancheckpoint,9,0.00516,11790,6.75838,174450
452,kcking,9,0.00516,11799,6.76354,174450
453,Kerstin08,9,0.00516,11808,6.76870,174450
454,khatrig,9,0.00516,11817,6.77386,174450
455,kreempuff,9,0.00516,11826,6.77902,174450
456,lhb008,9,0.00516,11835,6.78418,174450
457,lhw,9,0.00516,11844,6.78934,174450
458,lijingchun0,9,0.00516,11853,6.79450,174450
459,Mac24,9,0.00516,11862,6.79966,174450
460,mcsos,9,0.00516,11871,6.80482,174450
461,mdeggies,9,0.00516,11880,6.80997,174450
462,mfykmn,9,0.00516,11889,6.81513,174450
463,Moshem123,9,0.00516,11898,6.82029,174450
464,nitinkansal1984,9,0.00516,11907,6.82545,174450
465,northrup,9,0.00516,11916,6.83061,174450
466,nprokopic,9,0.00516,11925,6.83577,174450
467,qd19zzx,9,0.00516,11934,6.84093,174450
468,rzuku,9,0.00516,11943,6.84609,174450
469,sajanjswl,9,0.00516,11952,6.85125,174450
470,sanwishe,9,0.00516,11961,6.85641,174450
471,snowmanstark,9,0.00516,11970,6.86156,174450
472,spestua,9,0.00516,11979,6.86672,174450
473,spyridonas,9,0.00516,11988,6.87188,174450
474,teoyaomiqui,9,0.00516,11997,6.87704,174450
475,TheTFo,9,0.00516,12006,6.88220,174450
476,tpoindessous,9,0.00516,12015,6.88736,174450
477,Venkatvenstvm,9,0.00516,12024,6.89252,174450
478,Vishwanath-GitHub,9,0.00516,12033,6.89768,174450
479,vrabbi,9,0.00516,12042,6.90284,174450
480,wzg0120,9,0.00516,12051,6.90800,174450
481,yaowenqiang,9,0.00516,12060,6.91316,174450
482,yuyuvn,9,0.00516,12069,6.91831,174450
483,Yvonnehrr,9,0.00516,12078,6.92347,174450
484,11jwolfe2,8,0.00459,12086,6.92806,174450
485,4c0n,8,0.00459,12094,6.93265,174450
486,Abhinav054,8,0.00459,12102,6.93723,174450
487,akartsky,8,0.00459,12110,6.94182,174450
488,ansd,8,0.00459,12118,6.94640,174450
489,autarchprinceps,8,0.00459,12126,6.95099,174450
490,avdhoot,8,0.00459,12134,6.95557,174450
491,Ayden-Franklin,8,0.00459,12142,6.96016,174450
492,BentCoder,8,0.00459,12150,6.96475,174450
493,Bevisy,8,0.00459,12158,6.96933,174450
494,bshephar,8,0.00459,12166,6.97392,174450
495,bytecook,8,0.00459,12174,6.97850,174450
496,carlosrbcunha,8,0.00459,12182,6.98309,174450
497,cgeers,8,0.00459,12190,6.98768,174450
498,chentaoz,8,0.00459,12198,6.99226,174450
499,c-mcdonnell,8,0.00459,12206,6.99685,174450
500,cnmcavoy,8,0.00459,12214,7.00143,174450
501,codearky,8,0.00459,12222,7.00602,174450
502,creydr,8,0.00459,12230,7.01060,174450
503,DangHT,8,0.00459,12238,7.01519,174450
504,daniel-ke,8,0.00459,12246,7.01978,174450
505,danielkucera,8,0.00459,12254,7.02436,174450
506,DanyHenriquez,8,0.00459,12262,7.02895,174450
507,Darren-wh,8,0.00459,12270,7.03353,174450
508,dbaker-rh,8,0.00459,12278,7.03812,174450
509,DemonsLu,8,0.00459,12286,7.04271,174450
510,droopy4096,8,0.00459,12294,7.04729,174450
511,easimon,8,0.00459,12302,7.05188,174450
512,edrevo,8,0.00459,12310,7.05646,174450
513,evgenii-petrov-arrival,8,0.00459,12318,7.06105,174450
514,feranwq,8,0.00459,12326,7.06563,174450
515,fighterhit,8,0.00459,12334,7.07022,174450
516,ganeshr2,8,0.00459,12342,7.07481,174450
517,ghostsquad,8,0.00459,12350,7.07939,174450
518,Gui13,8,0.00459,12358,7.08398,174450
519,guoh1988,8,0.00459,12366,7.08856,174450
520,hadianr,8,0.00459,12374,7.09315,174450
521,Hugome,8,0.00459,12382,7.09774,174450
522,jangel97,8,0.00459,12390,7.10232,174450
523,Jangyooseok,8,0.00459,12398,7.10691,174450
524,jidckii,8,0.00459,12406,7.11149,174450
525,joey95033,8,0.00459,12414,7.11608,174450
526,joneal,8,0.00459,12422,7.12066,174450
527,Jorropo,8,0.00459,12430,7.12525,174450
528,jurgenweber,8,0.00459,12438,7.12984,174450
529,karras,8,0.00459,12446,7.13442,174450
530,KarthikNedunchezhiyan,8,0.00459,12454,7.13901,174450
531,keshy,8,0.00459,12462,7.14359,174450
532,kewynakshlley,8,0.00459,12470,7.14818,174450
533,kireledan,8,0.00459,12478,7.15277,174450
534,kshitijcode,8,0.00459,12486,7.15735,174450
535,kuldeepGDI,8,0.00459,12494,7.16194,174450
536,LeeHampton,8,0.00459,12502,7.16652,174450
537,lirlia,8,0.00459,12510,7.17111,174450
538,llhuii,8,0.00459,12518,7.17570,174450
539,lostsquirrel,8,0.00459,12526,7.18028,174450
540,m3y,8,0.00459,12534,7.18487,174450
541,MarlonGamez,8,0.00459,12542,7.18945,174450
542,MartinEmrich,8,0.00459,12550,7.19404,174450
543,MeirP-3,8,0.00459,12558,7.19862,174450
544,mialkin,8,0.00459,12566,7.20321,174450
545,michaelurban,8,0.00459,12574,7.20780,174450
546,mitchya1,8,0.00459,12582,7.21238,174450
547,mpatters72,8,0.00459,12590,7.21697,174450
548,msscaroso,8,0.00459,12598,7.22155,174450
549,mvaal,8,0.00459,12606,7.22614,174450
550,m-yosefpor,8,0.00459,12614,7.23073,174450
551,nagasitaramthigulla,8,0.00459,12622,7.23531,174450
552,NaraVen,8,0.00459,12630,7.23990,174450
553,nayoungson,8,0.00459,12638,7.24448,174450
554,newtoworld999,8,0.00459,12646,7.24907,174450
555,Nuru,8,0.00459,12654,7.25365,174450
556,odg0318,8,0.00459,12662,7.25824,174450
557,omninonsense,8,0.00459,12670,7.26283,174450
558,pliu,8,0.00459,12678,7.26741,174450
559,Porges,8,0.00459,12686,7.27200,174450
560,pzs-pzs,8,0.00459,12694,7.27658,174450
561,rayandas,8,0.00459,12702,7.28117,174450
562,rittneje,8,0.00459,12710,7.28576,174450
563,rombert,8,0.00459,12718,7.29034,174450
564,ruanchen,8,0.00459,12726,7.29493,174450
565,saintmalik,8,0.00459,12734,7.29951,174450
566,sanarena,8,0.00459,12742,7.30410,174450
567,scardena,8,0.00459,12750,7.30868,174450
568,scheung38,8,0.00459,12758,7.31327,174450
569,sdodsley,8,0.00459,12766,7.31786,174450
570,searsaw,8,0.00459,12774,7.32244,174450
571,smartaquarius10,8,0.00459,12782,7.32703,174450
572,snowwhitesblackwhitered,8,0.00459,12790,7.33161,174450
573,spaced,8,0.00459,12798,7.33620,174450
574,sp-nikolay-tenev,8,0.00459,12806,7.34079,174450
575,srinivasev,8,0.00459,12814,7.34537,174450
576,starofys,8,0.00459,12822,7.34996,174450
577,sudo-justinwilson,8,0.00459,12830,7.35454,174450
578,timmysilv,8,0.00459,12838,7.35913,174450
579,tmarkunin,8,0.00459,12846,7.36371,174450
580,viveksahu26,8,0.00459,12854,7.36830,174450
581,vroad,8,0.00459,12862,7.37289,174450
582,wr0ngway,8,0.00459,12870,7.37747,174450
583,WywTed,8,0.00459,12878,7.38206,174450
584,yttan,8,0.00459,12886,7.38664,174450
585,yuchen-sun,8,0.00459,12894,7.39123,174450
586,zrks,8,0.00459,12902,7.39582,174450
587,zuquan-song,8,0.00459,12910,7.40040,174450
588,zxkane,8,0.00459,12918,7.40499,174450
589,532910,7,0.00401,12925,7.40900,174450
590,Aaron-23,7,0.00401,12932,7.41301,174450
591,Abdullah-F,7,0.00401,12939,7.41702,174450
592,Abirdcfly,7,0.00401,12946,7.42104,174450
593,acobaugh,7,0.00401,12953,7.42505,174450
594,AdamKorcz,7,0.00401,12960,7.42906,174450
595,akash-gautam,7,0.00401,12967,7.43308,174450
596,akshaysharama,7,0.00401,12974,7.43709,174450
597,alien19880726,7,0.00401,12981,7.44110,174450
598,ali-raza-tariq,7,0.00401,12988,7.44511,174450
599,ameliatqy,7,0.00401,12995,7.44913,174450
600,amorenoz,7,0.00401,13002,7.45314,174450
601,andrescaroc,7,0.00401,13009,7.45715,174450
602,apurv15,7,0.00401,13016,7.46116,174450
603,axpraka,7,0.00401,13023,7.46518,174450
604,azush26,7,0.00401,13030,7.46919,174450
605,bcarlsson,7,0.00401,13037,7.47320,174450
606,bernokl,7,0.00401,13044,7.47721,174450
607,binkkatal,7,0.00401,13051,7.48123,174450
608,bjoernrost,7,0.00401,13058,7.48524,174450
609,bmf-san,7,0.00401,13065,7.48925,174450
610,burningalchemist,7,0.00401,13072,7.49326,174450
611,caboteria,7,0.00401,13079,7.49728,174450
612,chungktran,7,0.00401,13086,7.50129,174450
613,commixon,7,0.00401,13093,7.50530,174450
614,cowwoc,7,0.00401,13100,7.50931,174450
615,d47853,7,0.00401,13107,7.51333,174450
616,danielo515,7,0.00401,13114,7.51734,174450
617,danniel1205,7,0.00401,13121,7.52135,174450
618,davefranklin02,7,0.00401,13128,7.52537,174450
619,davidjumani,7,0.00401,13135,7.52938,174450
620,djha736,7,0.00401,13142,7.53339,174450
621,dmayle,7,0.00401,13149,7.53740,174450
622,dogukanturan,7,0.00401,13156,7.54142,174450
623,ejweber,7,0.00401,13163,7.54543,174450
624,ekrecker,7,0.00401,13170,7.54944,174450
625,emiran-orange,7,0.00401,13177,7.55345,174450
626,ewrenn8,7,0.00401,13184,7.55747,174450
627,excavador,7,0.00401,13191,7.56148,174450
628,Fgruntjes,7,0.00401,13198,7.56549,174450
629,fkpwolf,7,0.00401,13205,7.56950,174450
630,fredrik-smedberg,7,0.00401,13212,7.57352,174450
631,GiottoLee,7,0.00401,13219,7.57753,174450
632,Gowiem,7,0.00401,13226,7.58154,174450
633,h4ghhh,7,0.00401,13233,7.58555,174450
634,hikhvar,7,0.00401,13240,7.58957,174450
635,hyc3z,7,0.00401,13247,7.59358,174450
636,hzliangbin,7,0.00401,13254,7.59759,174450
637,ibmhack2020,7,0.00401,13261,7.60161,174450
638,igpix,7,0.00401,13268,7.60562,174450
639,ionutbalutoiu,7,0.00401,13275,7.60963,174450
640,iyashu,7,0.00401,13282,7.61364,174450
641,jaalle,7,0.00401,13289,7.61766,174450
642,jeffhubLR,7,0.00401,13296,7.62167,174450
643,JesperBerggren,7,0.00401,13303,7.62568,174450
644,JESWINKNINAN,7,0.00401,13310,7.62969,174450
645,johnsonshi,7,0.00401,13317,7.63371,174450
646,joshti,7,0.00401,13324,7.63772,174450
647,justgotthis,7,0.00401,13331,7.64173,174450
648,j-windsor,7,0.00401,13338,7.64574,174450
649,kangni,7,0.00401,13345,7.64976,174450
650,katiewasnothere,7,0.00401,13352,7.65377,174450
651,KilimAnnejaro,7,0.00401,13359,7.65778,174450
652,koceg,7,0.00401,13366,7.66179,174450
653,koef,7,0.00401,13373,7.66581,174450
654,lazybetrayer,7,0.00401,13380,7.66982,174450
655,loftkun,7,0.00401,13387,7.67383,174450
656,lorenz,7,0.00401,13394,7.67784,174450
657,lukasz-bielinski,7,0.00401,13401,7.68186,174450
658,luwang-vmware,7,0.00401,13408,7.68587,174450
659,lxlxok,7,0.00401,13415,7.68988,174450
660,lyyao09,7,0.00401,13422,7.69390,174450
661,madhukar93,7,0.00401,13429,7.69791,174450
662,marimo713,7,0.00401,13436,7.70192,174450
663,marviniter,7,0.00401,13443,7.70593,174450
664,Med-All,7,0.00401,13450,7.70995,174450
665,MerveeYilmaz,7,0.00401,13457,7.71396,174450
666,MichaelJDrK,7,0.00401,13464,7.71797,174450
667,michelzanini,7,0.00401,13471,7.72198,174450
668,michielvangendt,7,0.00401,13478,7.72600,174450
669,mikebz,7,0.00401,13485,7.73001,174450
670,mike-stewart,7,0.00401,13492,7.73402,174450
671,mohideen,7,0.00401,13499,7.73803,174450
672,mrajashree,7,0.00401,13506,7.74205,174450
673,MRamos62786,7,0.00401,13513,7.74606,174450
674,NamikoToriyama,7,0.00401,13520,7.75007,174450
675,neel8989,7,0.00401,13527,7.75408,174450
676,nxf5025,7,0.00401,13534,7.75810,174450
677,perriea,7,0.00401,13541,7.76211,174450
678,polygonhell,7,0.00401,13548,7.76612,174450
679,prudhvigodithi,7,0.00401,13555,7.77013,174450
680,Raboldar,7,0.00401,13562,7.77415,174450
681,raul1991,7,0.00401,13569,7.77816,174450
682,RayBB,7,0.00401,13576,7.78217,174450
683,ripulpatel,7,0.00401,13583,7.78619,174450
684,rishabh625,7,0.00401,13590,7.79020,174450
685,risinger,7,0.00401,13597,7.79421,174450
686,roy-tonal,7,0.00401,13604,7.79822,174450
687,salva-gglez,7,0.00401,13611,7.80224,174450
688,sameer2800,7,0.00401,13618,7.80625,174450
689,sarnickaa,7,0.00401,13625,7.81026,174450
690,savitha-ping,7,0.00401,13632,7.81427,174450
691,scottslowe,7,0.00401,13639,7.81829,174450
692,sedovalx,7,0.00401,13646,7.82230,174450
693,segevfiner,7,0.00401,13653,7.82631,174450
694,shawnhanx,7,0.00401,13660,7.83032,174450
695,shibataka000,7,0.00401,13667,7.83434,174450
696,solarmosaic-kflorence,7,0.00401,13674,7.83835,174450
697,srteam2020,7,0.00401,13681,7.84236,174450
698,stadaki,7,0.00401,13688,7.84637,174450
699,steveteuber,7,0.00401,13695,7.85039,174450
700,sullis,7,0.00401,13702,7.85440,174450
701,sunchill06,7,0.00401,13709,7.85841,174450
702,supabibz,7,0.00401,13716,7.86242,174450
703,synox,7,0.00401,13723,7.86644,174450
704,tbox1911,7,0.00401,13730,7.87045,174450
705,tirumerla,7,0.00401,13737,7.87446,174450
706,torresdal,7,0.00401,13744,7.87848,174450
707,toxynoid,7,0.00401,13751,7.88249,174450
708,tptpp,7,0.00401,13758,7.88650,174450
709,u2bo,7,0.00401,13765,7.89051,174450
710,unknowingknow,7,0.00401,13772,7.89453,174450
711,vadv,7,0.00401,13779,7.89854,174450
712,valaparthvi,7,0.00401,13786,7.90255,174450
713,Veritasosrb,7,0.00401,13793,7.90656,174450
714,Vickey-Wu,7,0.00401,13800,7.91058,174450
715,virendrasuryavanshi,7,0.00401,13807,7.91459,174450
716,v-pap,7,0.00401,13814,7.91860,174450
717,Wang-Kai,7,0.00401,13821,7.92261,174450
718,WisWang,7,0.00401,13828,7.92663,174450
719,woodcockjosh,7,0.00401,13835,7.93064,174450
720,xpivarc,7,0.00401,13842,7.93465,174450
721,xtreme-sameer-vohra,7,0.00401,13849,7.93866,174450
722,xuchuan-666,7,0.00401,13856,7.94268,174450
723,yacinelazaar,7,0.00401,13863,7.94669,174450
724,yangjy20169717,7,0.00401,13870,7.95070,174450
725,yaroze,7,0.00401,13877,7.95471,174450
726,yspreen,7,0.00401,13884,7.95873,174450
727,yuzisun,7,0.00401,13891,7.96274,174450
728,zffocussss,7,0.00401,13898,7.96675,174450
729,zhiweiv,7,0.00401,13905,7.97077,174450
730,22dm,6,0.00344,13911,7.97420,174450
731,a1k24,6,0.00344,13917,7.97764,174450
732,adamhjk,6,0.00344,13923,7.98108,174450
733,adamkane13,6,0.00344,13929,7.98452,174450
734,AdolfoJulcamoro,6,0.00344,13935,7.98796,174450
735,akwanmaroso,6,0.00344,13941,7.99140,174450
736,albertomiglionni,6,0.00344,13947,7.99484,174450
737,aldudko,6,0.00344,13953,7.99828,174450
738,aliceroy,6,0.00344,13959,8.00172,174450
739,amitkatyal,6,0.00344,13965,8.00516,174450
740,Anil-YadavK8s,6,0.00344,13971,8.00860,174450
741,apyrgio,6,0.00344,13977,8.01204,174450
742,arahamad,6,0.00344,13983,8.01548,174450
743,aravindputrevu,6,0.00344,13989,8.01892,174450
744,arnoldfranz,6,0.00344,13995,8.02236,174450
745,artiship,6,0.00344,14001,8.02580,174450
746,astrikos,6,0.00344,14007,8.02923,174450
747,atomerz,6,0.00344,14013,8.03267,174450
748,azarudeena,6,0.00344,14019,8.03611,174450
749,azman0101,6,0.00344,14025,8.03955,174450
750,bassambst,6,0.00344,14031,8.04299,174450
751,bbyrne5,6,0.00344,14037,8.04643,174450
752,Binyang2014,6,0.00344,14043,8.04987,174450
753,bmaehr,6,0.00344,14049,8.05331,174450
754,boot-vue,6,0.00344,14055,8.05675,174450
755,breakliu,6,0.00344,14061,8.06019,174450
756,challapradyumna,6,0.00344,14067,8.06363,174450
757,chinglinwen,6,0.00344,14073,8.06707,174450
758,chnyda,6,0.00344,14079,8.07051,174450
759,christarazi,6,0.00344,14085,8.07395,174450
760,christopherdalton,6,0.00344,14091,8.07739,174450
761,cloudcafetech,6,0.00344,14097,8.08083,174450
762,cognifloyd,6,0.00344,14103,8.08426,174450
763,coulof,6,0.00344,14109,8.08770,174450
764,creativie,6,0.00344,14115,8.09114,174450
765,crielly,6,0.00344,14121,8.09458,174450
766,cwsolee,6,0.00344,14127,8.09802,174450
767,daniv-msft,6,0.00344,14133,8.10146,174450
768,darthcorsair,6,0.00344,14139,8.10490,174450
769,designedforplaygames,6,0.00344,14145,8.10834,174450
770,dfioravanti,6,0.00344,14151,8.11178,174450
771,d-mo,6,0.00344,14157,8.11522,174450
772,drGrove,6,0.00344,14163,8.11866,174450
773,dswij,6,0.00344,14169,8.12210,174450
774,eddspencer,6,0.00344,14175,8.12554,174450
775,eitanpo,6,0.00344,14181,8.12898,174450
776,etifontaine,6,0.00344,14187,8.13242,174450
777,fantastic2085,6,0.00344,14193,8.13586,174450
778,FedericoAntoniazzi,6,0.00344,14199,8.13929,174450
779,Fedomn,6,0.00344,14205,8.14273,174450
780,femrtnz,6,0.00344,14211,8.14617,174450
781,flouthoc,6,0.00344,14217,8.14961,174450
782,forumsheth,6,0.00344,14223,8.15305,174450
783,fujitatomoya,6,0.00344,14229,8.15649,174450
784,fyangd,6,0.00344,14235,8.15993,174450
785,fzyzcjy,6,0.00344,14241,8.16337,174450
786,gadinaor,6,0.00344,14247,8.16681,174450
787,garysdevil,6,0.00344,14253,8.17025,174450
788,Gauravjaitly,6,0.00344,14259,8.17369,174450
789,gdhuper,6,0.00344,14265,8.17713,174450
790,girishgouda,6,0.00344,14271,8.18057,174450
791,gongx,6,0.00344,14277,8.18401,174450
792,govargo,6,0.00344,14283,8.18745,174450
793,h1de27,6,0.00344,14289,8.19089,174450
794,happywzy,6,0.00344,14295,8.19433,174450
795,harlesbayu,6,0.00344,14301,8.19776,174450
796,harryttd,6,0.00344,14307,8.20120,174450
797,hezhizhen,6,0.00344,14313,8.20464,174450
798,hikimochi,6,0.00344,14319,8.20808,174450
799,hilcj,6,0.00344,14325,8.21152,174450
800,hk6an6,6,0.00344,14331,8.21496,174450
801,immanuelfodor,6,0.00344,14337,8.21840,174450
802,impsik,6,0.00344,14343,8.22184,174450
803,infa-vmannam,6,0.00344,14349,8.22528,174450
804,ivanov-aleksander,6,0.00344,14355,8.22872,174450
805,jbdoumenjou,6,0.00344,14361,8.23216,174450
806,jeisen,6,0.00344,14367,8.23560,174450
807,jeromeroserio,6,0.00344,14373,8.23904,174450
808,jjulien,6,0.00344,14379,8.24248,174450
809,joulaud,6,0.00344,14385,8.24592,174450
810,JPRbrs,6,0.00344,14391,8.24936,174450
811,jtbonhomme,6,0.00344,14397,8.25279,174450
812,jwm,6,0.00344,14403,8.25623,174450
813,kaojunsong,6,0.00344,14409,8.25967,174450
814,king311247,6,0.00344,14415,8.26311,174450
815,kmindi,6,0.00344,14421,8.26655,174450
816,L3o-pold,6,0.00344,14427,8.26999,174450
817,LargeOrange,6,0.00344,14433,8.27343,174450
818,larosek,6,0.00344,14439,8.27687,174450
819,Larry-JJ,6,0.00344,14445,8.28031,174450
820,linkingli,6,0.00344,14451,8.28375,174450
821,lmolas,6,0.00344,14457,8.28719,174450
822,loomsen,6,0.00344,14463,8.29063,174450
823,love-miao,6,0.00344,14469,8.29407,174450
824,lw8008,6,0.00344,14475,8.29751,174450
825,lyr5333,6,0.00344,14481,8.30095,174450
826,marcoderama,6,0.00344,14487,8.30439,174450
827,matt-sm,6,0.00344,14493,8.30782,174450
828,maxguru,6,0.00344,14499,8.31126,174450
829,MaxRenaud,6,0.00344,14505,8.31470,174450
830,mgarstecki,6,0.00344,14511,8.31814,174450
831,Michael-Sinz,6,0.00344,14517,8.32158,174450
832,mingjie-li,6,0.00344,14523,8.32502,174450
833,mopsfelder,6,0.00344,14529,8.32846,174450
834,mosesyou,6,0.00344,14535,8.33190,174450
835,mpkonmbk,6,0.00344,14541,8.33534,174450
836,mrSingh007,6,0.00344,14547,8.33878,174450
837,mrVectorz,6,0.00344,14553,8.34222,174450
838,mskrocki,6,0.00344,14559,8.34566,174450
839,msshroff,6,0.00344,14565,8.34910,174450
840,nao-ri,6,0.00344,14571,8.35254,174450
841,NavidZ,6,0.00344,14577,8.35598,174450
842,next-luisalbertoleon,6,0.00344,14583,8.35942,174450
843,nfyxhan,6,0.00344,14589,8.36285,174450
844,nicolasduminil,6,0.00344,14595,8.36629,174450
845,nikutelusuiphone,6,0.00344,14601,8.36973,174450
846,ntavares,6,0.00344,14607,8.37317,174450
847,nucleusv,6,0.00344,14613,8.37661,174450
848,OlivierMary,6,0.00344,14619,8.38005,174450
849,omegas27,6,0.00344,14625,8.38349,174450
850,orange-llajeanne,6,0.00344,14631,8.38693,174450
851,paranoidsp,6,0.00344,14637,8.39037,174450
852,Payback159,6,0.00344,14643,8.39381,174450
853,porytskyi,6,0.00344,14649,8.39725,174450
854,pranjaljain0,6,0.00344,14655,8.40069,174450
855,prgaly,6,0.00344,14661,8.40413,174450
856,RagingPuppies,6,0.00344,14667,8.40757,174450
857,RamLavi,6,0.00344,14673,8.41101,174450
858,ravens,6,0.00344,14679,8.41445,174450
859,raz3k,6,0.00344,14685,8.41788,174450
860,renich,6,0.00344,14691,8.42132,174450
861,renyuntao,6,0.00344,14697,8.42476,174450
862,rkapoor028,6,0.00344,14703,8.42820,174450
863,robstoll,6,0.00344,14709,8.43164,174450
864,roedie,6,0.00344,14715,8.43508,174450
865,roshnaeem,6,0.00344,14721,8.43852,174450
866,RoSk0,6,0.00344,14727,8.44196,174450
867,rushi47,6,0.00344,14733,8.44540,174450
868,s3lph,6,0.00344,14739,8.44884,174450
869,sabbox,6,0.00344,14745,8.45228,174450
870,Sathishkunisai,6,0.00344,14751,8.45572,174450
871,sayanibhattacharjee,6,0.00344,14757,8.45916,174450
872,serewicz,6,0.00344,14763,8.46260,174450
873,shaowenchen,6,0.00344,14769,8.46604,174450
874,shrpne,6,0.00344,14775,8.46948,174450
875,sighingnow,6,0.00344,14781,8.47291,174450
876,sirpeanut,6,0.00344,14787,8.47635,174450
877,smithago,6,0.00344,14793,8.47979,174450
878,sobngwi,6,0.00344,14799,8.48323,174450
879,solarkennedy,6,0.00344,14805,8.48667,174450
880,squarebracket,6,0.00344,14811,8.49011,174450
881,sserantes,6,0.00344,14817,8.49355,174450
882,stefanpetter,6,0.00344,14823,8.49699,174450
883,steigr,6,0.00344,14829,8.50043,174450
884,strangeminds,6,0.00344,14835,8.50387,174450
885,strangiato,6,0.00344,14841,8.50731,174450
886,SueKocher,6,0.00344,14847,8.51075,174450
887,Surbowl,6,0.00344,14853,8.51419,174450
888,talhalatifkhan,6,0.00344,14859,8.51763,174450
889,teamsmiley,6,0.00344,14865,8.52107,174450
890,theherk,6,0.00344,14871,8.52451,174450
891,tibin-mfl,6,0.00344,14877,8.52794,174450
892,tillhoff,6,0.00344,14883,8.53138,174450
893,timhughes,6,0.00344,14889,8.53482,174450
894,tomaslm,6,0.00344,14895,8.53826,174450
895,toninis,6,0.00344,14901,8.54170,174450
896,TothFerenc,6,0.00344,14907,8.54514,174450
897,tuskiomi,6,0.00344,14913,8.54858,174450
898,ufou,6,0.00344,14919,8.55202,174450
899,ulucinar,6,0.00344,14925,8.55546,174450
900,V4A001,6,0.00344,14931,8.55890,174450
901,vipinjn24,6,0.00344,14937,8.56234,174450
902,vrubiolo,6,0.00344,14943,8.56578,174450
903,wakeupcolumn,6,0.00344,14949,8.56922,174450
904,wangxiyuan,6,0.00344,14955,8.57266,174450
905,XanderStrike,6,0.00344,14961,8.57610,174450
906,xoxbet,6,0.00344,14967,8.57954,174450
907,xposix,6,0.00344,14973,8.58298,174450
908,YaShanBoy,6,0.00344,14979,8.58641,174450
909,yonwon01,6,0.00344,14985,8.58985,174450
910,youssefazrak,6,0.00344,14991,8.59329,174450
911,yuanbaodong,6,0.00344,14997,8.59673,174450
912,YunWang,6,0.00344,15003,8.60017,174450
913,Yuuraa,6,0.00344,15009,8.60361,174450
914,zachomedia,6,0.00344,15015,8.60705,174450
915,Zeka13,6,0.00344,15021,8.61049,174450
916,zhanghba,6,0.00344,15027,8.61393,174450
917,zhhray,6,0.00344,15033,8.61737,174450
918,2339478391,5,0.00287,15038,8.62024,174450
919,2shsh,5,0.00287,15043,8.62310,174450
920,5-sigma,5,0.00287,15048,8.62597,174450
921,A9u,5,0.00287,15053,8.62883,174450
922,abaskakau,5,0.00287,15058,8.63170,174450
923,abhinavkhanna-sf,5,0.00287,15063,8.63457,174450
924,a-b-v,5,0.00287,15068,8.63743,174450
925,adamkgray,5,0.00287,15073,8.64030,174450
926,ailurarctos,5,0.00287,15078,8.64316,174450
927,ajcann,5,0.00287,15083,8.64603,174450
928,akshedu,5,0.00287,15088,8.64890,174450
929,aleveille,5,0.00287,15093,8.65176,174450
930,Alienuser,5,0.00287,15098,8.65463,174450
931,altmas5,5,0.00287,15103,8.65749,174450
932,amomsi,5,0.00287,15108,8.66036,174450
933,anandagirish2,5,0.00287,15113,8.66323,174450
934,andres-lowrie,5,0.00287,15118,8.66609,174450
935,anpanigr,5,0.00287,15123,8.66896,174450
936,anupreet5,5,0.00287,15128,8.67183,174450
937,anwesh-b,5,0.00287,15133,8.67469,174450
938,anzejiang,5,0.00287,15138,8.67756,174450
939,ArchangelX360,5,0.00287,15143,8.68042,174450
940,arielmoraes,5,0.00287,15148,8.68329,174450
941,arnikasky,5,0.00287,15153,8.68616,174450
942,aude,5,0.00287,15158,8.68902,174450
943,AvvariSaiBharadwaj,5,0.00287,15163,8.69189,174450
944,AWKIF,5,0.00287,15168,8.69475,174450
945,azarzar15,5,0.00287,15173,8.69762,174450
946,azemoning,5,0.00287,15178,8.70049,174450
947,bebyx,5,0.00287,15183,8.70335,174450
948,ben-turner,5,0.00287,15188,8.70622,174450
949,Berndinox,5,0.00287,15193,8.70909,174450
950,birprav93,5,0.00287,15198,8.71195,174450
951,blandger,5,0.00287,15203,8.71482,174450
952,bleggett,5,0.00287,15208,8.71768,174450
953,blind3dd,5,0.00287,15213,8.72055,174450
954,brylex418,5,0.00287,15218,8.72342,174450
955,CaiyuhangC,5,0.00287,15223,8.72628,174450
956,cccs-eric,5,0.00287,15228,8.72915,174450
957,charithe,5,0.00287,15233,8.73201,174450
958,chenjiandongx,5,0.00287,15238,8.73488,174450
959,chensheng0,5,0.00287,15243,8.73775,174450
960,chippey5,5,0.00287,15248,8.74061,174450
961,chrisamert,5,0.00287,15253,8.74348,174450
962,ChunyiLyu,5,0.00287,15258,8.74635,174450
963,coderwangke,5,0.00287,15263,8.74921,174450
964,couloum,5,0.00287,15268,8.75208,174450
965,cprivite,5,0.00287,15273,8.75494,174450
966,CrossRoast,5,0.00287,15278,8.75781,174450
967,csnitker,5,0.00287,15283,8.76068,174450
968,danielabbatt,5,0.00287,15288,8.76354,174450
969,danil-smirnov,5,0.00287,15293,8.76641,174450
970,DavidSpek,5,0.00287,15298,8.76927,174450
971,dbsanfte,5,0.00287,15303,8.77214,174450
972,derek-burdick,5,0.00287,15308,8.77501,174450
973,dewe,5,0.00287,15313,8.77787,174450
974,dhandma,5,0.00287,15318,8.78074,174450
975,dinever,5,0.00287,15323,8.78361,174450
976,dirien,5,0.00287,15328,8.78647,174450
977,distributethe6ix,5,0.00287,15333,8.78934,174450
978,d-m,5,0.00287,15338,8.79220,174450
979,Dong-wook94,5,0.00287,15343,8.79507,174450
980,donkeyx,5,0.00287,15348,8.79794,174450
981,Drake8710,5,0.00287,15353,8.80080,174450
982,duboc,5,0.00287,15358,8.80367,174450
983,dxGuan,5,0.00287,15363,8.80653,174450
984,dzilbermanvmw,5,0.00287,15368,8.80940,174450
985,elvinjgalarza,5,0.00287,15373,8.81227,174450
986,emersonford,5,0.00287,15378,8.81513,174450
987,emiliodangelo,5,0.00287,15383,8.81800,174450
988,EnriqueL8,5,0.00287,15388,8.82087,174450
989,etwillbefine,5,0.00287,15393,8.82373,174450
990,f7753,5,0.00287,15398,8.82660,174450
991,filintod,5,0.00287,15403,8.82946,174450
992,flaviopicci,5,0.00287,15408,8.83233,174450
993,fredr,5,0.00287,15413,8.83520,174450
994,geegeea,5,0.00287,15418,8.83806,174450
995,geofflancaster,5,0.00287,15423,8.84093,174450
996,gillg,5,0.00287,15428,8.84379,174450
997,goneri,5,0.00287,15433,8.84666,174450
998,goodboyMa,5,0.00287,15438,8.84953,174450
999,gopalvibm,5,0.00287,15443,8.85239,174450
1000,goushicui,5,0.00287,15448,8.85526,174450
1001,gs-offcl,5,0.00287,15453,8.85813,174450
1002,guettli,5,0.00287,15458,8.86099,174450
1003,guleng,5,0.00287,15463,8.86386,174450
1004,hadrien-toma,5,0.00287,15468,8.86672,174450
1005,Haim-Bi,5,0.00287,15473,8.86959,174450
1006,HansK-p,5,0.00287,15478,8.87246,174450
1007,harivmu,5,0.00287,15483,8.87532,174450
1008,harshavmb,5,0.00287,15488,8.87819,174450
1009,heweizhen0822,5,0.00287,15493,8.88105,174450
1010,hmthoo,5,0.00287,15498,8.88392,174450
1011,holynakamoto,5,0.00287,15503,8.88679,174450
1012,honnix,5,0.00287,15508,8.88965,174450
1013,iamsoorya,5,0.00287,15513,8.89252,174450
1014,igoratencompass,5,0.00287,15518,8.89539,174450
1015,JacobHenner,5,0.00287,15523,8.89825,174450
1016,jakob-kr,5,0.00287,15528,8.90112,174450
1017,jbilliau-rcd,5,0.00287,15533,8.90398,174450
1018,jdkelley,5,0.00287,15538,8.90685,174450
1019,jhagestedt,5,0.00287,15543,8.90972,174450
1020,jim3ma,5,0.00287,15548,8.91258,174450
1021,jimil749,5,0.00287,15553,8.91545,174450
1022,jjfmarket,5,0.00287,15558,8.91831,174450
1023,jkh52,5,0.00287,15563,8.92118,174450
1024,joeburke30,5,0.00287,15568,8.92405,174450
1025,jsing157,5,0.00287,15573,8.92691,174450
1026,jun1-T,5,0.00287,15578,8.92978,174450
1027,kaitoii11,5,0.00287,15583,8.93265,174450
1028,kedark3,5,0.00287,15588,8.93551,174450
1029,kifeo,5,0.00287,15593,8.93838,174450
1030,kingdonb,5,0.00287,15598,8.94124,174450
1031,kmat9933,5,0.00287,15603,8.94411,174450
1032,kotyara85,5,0.00287,15608,8.94698,174450
1033,koxu1996,5,0.00287,15613,8.94984,174450
1034,kpucynski,5,0.00287,15618,8.95271,174450
1035,krzysdabro,5,0.00287,15623,8.95557,174450
1036,lboix,5,0.00287,15628,8.95844,174450
1037,lexfrei,5,0.00287,15633,8.96131,174450
1038,loganfuller,5,0.00287,15638,8.96417,174450
1039,lordcf,5,0.00287,15643,8.96704,174450
1040,luigibk,5,0.00287,15648,8.96991,174450
1041,m1o1,5,0.00287,15653,8.97277,174450
1042,madetara,5,0.00287,15658,8.97564,174450
1043,Mametee,5,0.00287,15663,8.97850,174450
1044,markpundsack,5,0.00287,15668,8.98137,174450
1045,martinlevesque,5,0.00287,15673,8.98424,174450
1046,mengzhen94,5,0.00287,15678,8.98710,174450
1047,mengzyou,5,0.00287,15683,8.98997,174450
1048,MicDeDuiwel,5,0.00287,15688,8.99283,174450
1049,minjae9610,5,0.00287,15693,8.99570,174450
1050,mintenghung,5,0.00287,15698,8.99857,174450
1051,miton18,5,0.00287,15703,9.00143,174450
1052,monchier,5,0.00287,15708,9.00430,174450
1053,morengab,5,0.00287,15713,9.00717,174450
1054,moustaphasene,5,0.00287,15718,9.01003,174450
1055,mr-bjerre,5,0.00287,15723,9.01290,174450
1056,mseverin,5,0.00287,15728,9.01576,174450
1057,mwconceicao,5,0.00287,15733,9.01863,174450
1058,naioja,5,0.00287,15738,9.02150,174450
1059,NatsumiHB,5,0.00287,15743,9.02436,174450
1060,nicktming,5,0.00287,15748,9.02723,174450
1061,ninja-,5,0.00287,15753,9.03009,174450
1062,niroowns,5,0.00287,15758,9.03296,174450
1063,nomstradamus,5,0.00287,15763,9.03583,174450
1064,nparfait,5,0.00287,15768,9.03869,174450
1065,nsubrahm-aws,5,0.00287,15773,9.04156,174450
1066,osery,5,0.00287,15778,9.04443,174450
1067,panjf2000,5,0.00287,15783,9.04729,174450
1068,papimuerte,5,0.00287,15788,9.05016,174450
1069,paulpuvi06,5,0.00287,15793,9.05302,174450
1070,pavan2004it,5,0.00287,15798,9.05589,174450
1071,pestebogdan,5,0.00287,15803,9.05876,174450
1072,peterlin741,5,0.00287,15808,9.06162,174450
1073,pgp,5,0.00287,15813,9.06449,174450
1074,philippwostry,5,0.00287,15818,9.06735,174450
1075,phunziker,5,0.00287,15823,9.07022,174450
1076,Pictor13,5,0.00287,15828,9.07309,174450
1077,pierre-emmanuelJ,5,0.00287,15833,9.07595,174450
1078,pokerfaceSad,5,0.00287,15838,9.07882,174450
1079,potatopankakes,5,0.00287,15843,9.08169,174450
1080,PranayWankhede,5,0.00287,15848,9.08455,174450
1081,ProZsolt,5,0.00287,15853,9.08742,174450
1082,purplezimmermann,5,0.00287,15858,9.09028,174450
1083,pururaj1908,5,0.00287,15863,9.09315,174450
1084,PushkarJ,5,0.00287,15868,9.09602,174450
1085,quickwind,5,0.00287,15873,9.09888,174450
1086,rahulkjoshi,5,0.00287,15878,9.10175,174450
1087,rajeshwrn,5,0.00287,15883,9.10461,174450
1088,Reminisd,5,0.00287,15888,9.10748,174450
1089,rhummelmose,5,0.00287,15893,9.11035,174450
1090,rileyL6122428,5,0.00287,15898,9.11321,174450
1091,rkevin-arch,5,0.00287,15903,9.11608,174450
1092,robertoalcantara,5,0.00287,15908,9.11895,174450
1093,robisoh88,5,0.00287,15913,9.12181,174450
1094,roblapp,5,0.00287,15918,9.12468,174450
1095,rueyaa332266,5,0.00287,15923,9.12754,174450
1096,ryan-dyer-sp,5,0.00287,15928,9.13041,174450
1097,saiteja313,5,0.00287,15933,9.13328,174450
1098,scottrobertson,5,0.00287,15938,9.13614,174450
1099,scr-oath,5,0.00287,15943,9.13901,174450
1100,sebagomez,5,0.00287,15948,9.14187,174450
1101,seemiller,5,0.00287,15953,9.14474,174450
1102,shankar-forgerock,5,0.00287,15958,9.14761,174450
1103,Sherlock-Harden,5,0.00287,15963,9.15047,174450
1104,Shpectator,5,0.00287,15968,9.15334,174450
1105,shyung,5,0.00287,15973,9.15621,174450
1106,sidprak,5,0.00287,15978,9.15907,174450
1107,sjmiller609,5,0.00287,15983,9.16194,174450
1108,Skaronator,5,0.00287,15988,9.16480,174450
1109,sknat,5,0.00287,15993,9.16767,174450
1110,slashr,5,0.00287,15998,9.17054,174450
1111,SmiffyJ,5,0.00287,16003,9.17340,174450
1112,SMillerDev,5,0.00287,16008,9.17627,174450
1113,srkunze,5,0.00287,16013,9.17913,174450
1114,standup-jb,5,0.00287,16018,9.18200,174450
1115,stevek-pro,5,0.00287,16023,9.18487,174450
1116,stevensu1977,5,0.00287,16028,9.18773,174450
1117,striver619,5,0.00287,16033,9.19060,174450
1118,surajrana93,5,0.00287,16038,9.19347,174450
1119,tantweiler,5,0.00287,16043,9.19633,174450
1120,tarquin-the-brave,5,0.00287,16048,9.19920,174450
1121,TeddyAndrieux,5,0.00287,16053,9.20206,174450
1122,TejaBeta,5,0.00287,16058,9.20493,174450
1123,th3n3xtg3n3ration,5,0.00287,16063,9.20780,174450
1124,theodor2311,5,0.00287,16068,9.21066,174450
1125,theunrealgeek,5,0.00287,16073,9.21353,174450
1126,TheYkk,5,0.00287,16078,9.21639,174450
1127,ThisIsQasim,5,0.00287,16083,9.21926,174450
1128,Thoro,5,0.00287,16088,9.22213,174450
1129,throrin19,5,0.00287,16093,9.22499,174450
1130,timdeluxe,5,0.00287,16098,9.22786,174450
1131,timothymahoney,5,0.00287,16103,9.23073,174450
1132,tniita,5,0.00287,16108,9.23359,174450
1133,tobiasgiese,5,0.00287,16113,9.23646,174450
1134,trondhindenes,5,0.00287,16118,9.23932,174450
1135,tyuhara,5,0.00287,16123,9.24219,174450
1136,u2mejc,5,0.00287,16128,9.24506,174450
1137,unacceptable,5,0.00287,16133,9.24792,174450
1138,userravs,5,0.00287,16138,9.25079,174450
1139,vainkop,5,0.00287,16143,9.25365,174450
1140,vamsichilukuri,5,0.00287,16148,9.25652,174450
1141,vflong,5,0.00287,16153,9.25939,174450
1142,vgaurihar,5,0.00287,16158,9.26225,174450
1143,Viperoo,5,0.00287,16163,9.26512,174450
1144,vishjain,5,0.00287,16168,9.26799,174450
1145,VivekMittals,5,0.00287,16173,9.27085,174450
1146,vladdy,5,0.00287,16178,9.27372,174450
1147,w33dw0r7d,5,0.00287,16183,9.27658,174450
1148,waelmas,5,0.00287,16188,9.27945,174450
1149,wand3r3r,5,0.00287,16193,9.28232,174450
1150,wangkai1994,5,0.00287,16198,9.28518,174450
1151,web-refinery,5,0.00287,16203,9.28805,174450
1152,WeetA34,5,0.00287,16208,9.29091,174450
1153,wesleywh,5,0.00287,16213,9.29378,174450
1154,wgebis,5,0.00287,16218,9.29665,174450
1155,whoan,5,0.00287,16223,9.29951,174450
1156,WLun001,5,0.00287,16228,9.30238,174450
1157,wonkarthik,5,0.00287,16233,9.30525,174450
1158,wpwoodjr,5,0.00287,16238,9.30811,174450
1159,wssgyyg,5,0.00287,16243,9.31098,174450
1160,yanivroz,5,0.00287,16248,9.31384,174450
1161,yasra002,5,0.00287,16253,9.31671,174450
1162,yeldiRium,5,0.00287,16258,9.31958,174450
1163,ysjjovo,5,0.00287,16263,9.32244,174450
1164,YujiShen,5,0.00287,16268,9.32531,174450
1165,zawachte-msft,5,0.00287,16273,9.32817,174450
1166,zenbones,5,0.00287,16278,9.33104,174450
1167,zettaittenani,5,0.00287,16283,9.33391,174450
1168,zhiyuone,5,0.00287,16288,9.33677,174450
1169,ZhuGongpu,5,0.00287,16293,9.33964,174450
1170,zxh326,5,0.00287,16298,9.34251,174450
1171,0x4c6565,4,0.00229,16302,9.34480,174450
1172,180254,4,0.00229,16306,9.34709,174450
1173,1newsr,4,0.00229,16310,9.34938,174450
1174,1ricardo,4,0.00229,16314,9.35168,174450
1175,abhiranjeet,4,0.00229,16318,9.35397,174450
1176,abhisheksinghbaghel,4,0.00229,16322,9.35626,174450
1177,aceeric,4,0.00229,16326,9.35856,174450
1178,adams0619,4,0.00229,16330,9.36085,174450
1179,AdamSharif-MSFT,4,0.00229,16334,9.36314,174450
1180,adecarolis,4,0.00229,16338,9.36543,174450
1181,adombeck,4,0.00229,16342,9.36773,174450
1182,adr-arroyo,4,0.00229,16346,9.37002,174450
1183,advancedwebdeveloper,4,0.00229,16350,9.37231,174450
1184,ahmad-hamade,4,0.00229,16354,9.37461,174450
1185,aivarssilins,4,0.00229,16358,9.37690,174450
1186,AjiArya,4,0.00229,16362,9.37919,174450
1187,ajouve,4,0.00229,16366,9.38148,174450
1188,akanshujamwal,4,0.00229,16370,9.38378,174450
1189,aleofreddi,4,0.00229,16374,9.38607,174450
1190,alesanmed,4,0.00229,16378,9.38836,174450
1191,alexanderConstantinescu,4,0.00229,16382,9.39066,174450
1192,alexandrud,4,0.00229,16386,9.39295,174450
1193,amandahla,4,0.00229,16390,9.39524,174450
1194,amarts,4,0.00229,16394,9.39754,174450
1195,amyXia1994,4,0.00229,16398,9.39983,174450
1196,andresilva97,4,0.00229,16402,9.40212,174450
1197,AndrewBoklashko,4,0.00229,16406,9.40441,174450
1198,angeloplsight,4,0.00229,16410,9.40671,174450
1199,angelosanramon,4,0.00229,16414,9.40900,174450
1200,Anilople,4,0.00229,16418,9.41129,174450
1201,AntonOfTheWoods,4,0.00229,16422,9.41359,174450
1202,aps831,4,0.00229,16426,9.41588,174450
1203,aram535,4,0.00229,16430,9.41817,174450
1204,arjunagl,4,0.00229,16434,9.42046,174450
1205,ark-g,4,0.00229,16438,9.42276,174450
1206,arohner,4,0.00229,16442,9.42505,174450
1207,ArunaLakmal,4,0.00229,16446,9.42734,174450
1208,arunsp1007,4,0.00229,16450,9.42964,174450
1209,asatish,4,0.00229,16454,9.43193,174450
1210,asellappen,4,0.00229,16458,9.43422,174450
1211,ashenoy-hedvig,4,0.00229,16462,9.43651,174450
1212,asoltesz,4,0.00229,16466,9.43881,174450
1213,atam003,4,0.00229,16470,9.44110,174450
1214,ausias-armesto,4,0.00229,16474,9.44339,174450
1215,Avtandilko,4,0.00229,16478,9.44569,174450
1216,awesomenix,4,0.00229,16482,9.44798,174450
1217,barric1,4,0.00229,16486,9.45027,174450
1218,basvdlei,4,0.00229,16490,9.45257,174450
1219,behos,4,0.00229,16494,9.45486,174450
1220,Bermpje,4,0.00229,16498,9.45715,174450
1221,bigmyx,4,0.00229,16502,9.45944,174450
1222,bilalcaliskan,4,0.00229,16506,9.46174,174450
1223,blakestoddard,4,0.00229,16510,9.46403,174450
1224,blepoutr,4,0.00229,16514,9.46632,174450
1225,blitzd,4,0.00229,16518,9.46862,174450
1226,bpinske,4,0.00229,16522,9.47091,174450
1227,brnl,4,0.00229,16526,9.47320,174450
1228,BruceHunter,4,0.00229,16530,9.47549,174450
1229,Bryce-huang,4,0.00229,16534,9.47779,174450
1230,bukowa,4,0.00229,16538,9.48008,174450
1231,cedi,4,0.00229,16542,9.48237,174450
1232,cedlerouge,4,0.00229,16546,9.48467,174450
1233,cglacet,4,0.00229,16550,9.48696,174450
1234,chadlwilson,4,0.00229,16554,9.48925,174450
1235,chainhead,4,0.00229,16558,9.49154,174450
1236,chinayin,4,0.00229,16562,9.49384,174450
1237,chris-morandi,4,0.00229,16566,9.49613,174450
1238,citananda,4,0.00229,16570,9.49842,174450
1239,climent,4,0.00229,16574,9.50072,174450
1240,codejamninja,4,0.00229,16578,9.50301,174450
1241,codykaup,4,0.00229,16582,9.50530,174450
1242,cooperbenson-qz,4,0.00229,16586,9.50760,174450
1243,cyluss,4,0.00229,16590,9.50989,174450
1244,damerakd,4,0.00229,16594,9.51218,174450
1245,danielhass,4,0.00229,16598,9.51447,174450
1246,danishprakash,4,0.00229,16602,9.51677,174450
1247,danopia,4,0.00229,16606,9.51906,174450
1248,Davidrjx,4,0.00229,16610,9.52135,174450
1249,daxwang,4,0.00229,16614,9.52365,174450
1250,dbonfigli,4,0.00229,16618,9.52594,174450
1251,Delorien84,4,0.00229,16622,9.52823,174450
1252,denniszielke,4,0.00229,16626,9.53052,174450
1253,dickeyf,4,0.00229,16630,9.53282,174450
1254,DingGGu,4,0.00229,16634,9.53511,174450
1255,divy4,4,0.00229,16638,9.53740,174450
1256,djjayeeta,4,0.00229,16642,9.53970,174450
1257,djkormo,4,0.00229,16646,9.54199,174450
1258,dmanbu,4,0.00229,16650,9.54428,174450
1259,dmilhuisen,4,0.00229,16654,9.54657,174450
1260,dohq,4,0.00229,16658,9.54887,174450
1261,dominicpg,4,0.00229,16662,9.55116,174450
1262,domino-blake,4,0.00229,16666,9.55345,174450
1263,doug-papenthien-by,4,0.00229,16670,9.55575,174450
1264,dramasamy,4,0.00229,16674,9.55804,174450
1265,dtpryce,4,0.00229,16678,9.56033,174450
1266,dwschulze,4,0.00229,16682,9.56263,174450
1267,dza89,4,0.00229,16686,9.56492,174450
1268,EArminjon,4,0.00229,16690,9.56721,174450
1269,elliott-davis,4,0.00229,16694,9.56950,174450
1270,elmariofredo,4,0.00229,16698,9.57180,174450
1271,entropitor,4,0.00229,16702,9.57409,174450
1272,eoli3n,4,0.00229,16706,9.57638,174450
1273,eskaufel,4,0.00229,16710,9.57868,174450
1274,euh2,4,0.00229,16714,9.58097,174450
1275,evnsio,4,0.00229,16718,9.58326,174450
1276,eyinwag,4,0.00229,16722,9.58555,174450
1277,FabriceSalvaire,4,0.00229,16726,9.58785,174450
1278,farvour,4,0.00229,16730,9.59014,174450
1279,fatedier,4,0.00229,16734,9.59243,174450
1280,findsomeoneyys,4,0.00229,16738,9.59473,174450
1281,fip-post-cz,4,0.00229,16742,9.59702,174450
1282,FireDrunk,4,0.00229,16746,9.59931,174450
1283,fliphess,4,0.00229,16750,9.60161,174450
1284,ForestCold,4,0.00229,16754,9.60390,174450
1285,foxdalas,4,0.00229,16758,9.60619,174450
1286,FraBle,4,0.00229,16762,9.60848,174450
1287,fsommar,4,0.00229,16766,9.61078,174450
1288,gayatri-maker,4,0.00229,16770,9.61307,174450
1289,GeorgeGuo2018,4,0.00229,16774,9.61536,174450
1290,gerardgorrion,4,0.00229,16778,9.61766,174450
1291,Giancarlo1974,4,0.00229,16782,9.61995,174450
1292,giannisbetas,4,0.00229,16786,9.62224,174450
1293,GianOrtiz,4,0.00229,16790,9.62453,174450
1294,gil-excelero,4,0.00229,16794,9.62683,174450
1295,gitbeyond,4,0.00229,16798,9.62912,174450
1296,gjkim42,4,0.00229,16802,9.63141,174450
1297,gjmscc,4,0.00229,16806,9.63371,174450
1298,gkrizek,4,0.00229,16810,9.63600,174450
1299,glenonn,4,0.00229,16814,9.63829,174450
1300,glittershark,4,0.00229,16818,9.64058,174450
1301,g-luo,4,0.00229,16822,9.64288,174450
1302,go-nelango,4,0.00229,16826,9.64517,174450
1303,gouravbatra,4,0.00229,16830,9.64746,174450
1304,gs11,4,0.00229,16834,9.64976,174450
1305,gseidel,4,0.00229,16838,9.65205,174450
1306,guan840912,4,0.00229,16842,9.65434,174450
1307,guiadco,4,0.00229,16846,9.65664,174450
1308,gurrpi,4,0.00229,16850,9.65893,174450
1309,hakur,4,0.00229,16854,9.66122,174450
1310,harskum,4,0.00229,16858,9.66351,174450
1311,haslersn,4,0.00229,16862,9.66581,174450
1312,Hefeweizen,4,0.00229,16866,9.66810,174450
1313,henrik-m,4,0.00229,16870,9.67039,174450
1314,hideto0710,4,0.00229,16874,9.67269,174450
1315,hjkatz,4,0.00229,16878,9.67498,174450
1316,hongyuan1306,4,0.00229,16882,9.67727,174450
1317,hpasapp,4,0.00229,16886,9.67956,174450
1318,huang-jy,4,0.00229,16890,9.68186,174450
1319,hustclf,4,0.00229,16894,9.68415,174450
1320,i2dcarrasco,4,0.00229,16898,9.68644,174450
1321,iabudiab,4,0.00229,16902,9.68874,174450
1322,IJOL,4,0.00229,16906,9.69103,174450
1323,imdhruva,4,0.00229,16910,9.69332,174450
1324,imlcl,4,0.00229,16914,9.69561,174450
1325,infa-ddeore,4,0.00229,16918,9.69791,174450
1326,ismaeIfm,4,0.00229,16922,9.70020,174450
1327,jabelone,4,0.00229,16926,9.70249,174450
1328,jacobvinzent,4,0.00229,16930,9.70479,174450
1329,jah23,4,0.00229,16934,9.70708,174450
1330,jahantech,4,0.00229,16938,9.70937,174450
1331,JakubJecminek,4,0.00229,16942,9.71167,174450
1332,JaneLiuL,4,0.00229,16946,9.71396,174450
1333,jasonmiraglia,4,0.00229,16950,9.71625,174450
1334,Jaxing,4,0.00229,16954,9.71854,174450
1335,jbuse,4,0.00229,16958,9.72084,174450
1336,jcassee,4,0.00229,16962,9.72313,174450
1337,JeffResc,4,0.00229,16966,9.72542,174450
1338,jethrogb,4,0.00229,16970,9.72772,174450
1339,jialiangsong,4,0.00229,16974,9.73001,174450
1340,jim-barber-he,4,0.00229,16978,9.73230,174450
1341,jmriebold,4,0.00229,16982,9.73459,174450
1342,johejo,4,0.00229,16986,9.73689,174450
1343,JohnGalt1717,4,0.00229,16990,9.73918,174450
1344,johnpemberton,4,0.00229,16994,9.74147,174450
1345,johnyannj,4,0.00229,16998,9.74377,174450
1346,JokerDevops,4,0.00229,17002,9.74606,174450
1347,jonaskello,4,0.00229,17006,9.74835,174450
1348,JonathanRRogers,4,0.00229,17010,9.75064,174450
1349,jonathonbattista,4,0.00229,17014,9.75294,174450
1350,jongio,4,0.00229,17018,9.75523,174450
1351,josejayesh,4,0.00229,17022,9.75752,174450
1352,jouros,4,0.00229,17026,9.75982,174450
1353,jpds,4,0.00229,17030,9.76211,174450
1354,jrivers96,4,0.00229,17034,9.76440,174450
1355,jst-cyr,4,0.00229,17038,9.76670,174450
1356,juliohm1978,4,0.00229,17042,9.76899,174450
1357,justenwalker,4,0.00229,17046,9.77128,174450
1358,Kamerads,4,0.00229,17050,9.77357,174450
1359,kamit78,4,0.00229,17054,9.77587,174450
1360,kapekost,4,0.00229,17058,9.77816,174450
1361,karlism,4,0.00229,17062,9.78045,174450
1362,kel-web,4,0.00229,17066,9.78275,174450
1363,kennygt51,4,0.00229,17070,9.78504,174450
1364,keyingliu,4,0.00229,17074,9.78733,174450
1365,kong62,4,0.00229,17078,9.78962,174450
1366,kopal2212,4,0.00229,17082,9.79192,174450
1367,krangerich,4,0.00229,17086,9.79421,174450
1368,krausexb,4,0.00229,17090,9.79650,174450
1369,kshke,4,0.00229,17094,9.79880,174450
1370,kvaradhan3,4,0.00229,17098,9.80109,174450
1371,kylebevans,4,0.00229,17102,9.80338,174450
1372,lancelot1989,4,0.00229,17106,9.80567,174450
1373,lang710,4,0.00229,17110,9.80797,174450
1374,laxathom,4,0.00229,17114,9.81026,174450
1375,ldk273427673,4,0.00229,17118,9.81255,174450
1376,LeankitJSmith,4,0.00229,17122,9.81485,174450
1377,lee5i3,4,0.00229,17126,9.81714,174450
1378,leosunmo,4,0.00229,17130,9.81943,174450
1379,lexsys27,4,0.00229,17134,9.82173,174450
1380,lgnashold,4,0.00229,17138,9.82402,174450
1381,liiitleboy,4,0.00229,17142,9.82631,174450
1382,Limoncho-san,4,0.00229,17146,9.82860,174450
1383,Linutux,4,0.00229,17150,9.83090,174450
1384,liu4480,4,0.00229,17154,9.83319,174450
1385,longkai,4,0.00229,17158,9.83548,174450
1386,lzhfromustc,4,0.00229,17162,9.83778,174450
1387,MaartenW,4,0.00229,17166,9.84007,174450
1388,maelfosso,4,0.00229,17170,9.84236,174450
1389,magnologan,4,0.00229,17174,9.84465,174450
1390,mailbagrahul,4,0.00229,17178,9.84695,174450
1391,makhov,4,0.00229,17182,9.84924,174450
1392,ManiacDC,4,0.00229,17186,9.85153,174450
1393,marcosdiez,4,0.00229,17190,9.85383,174450
1394,marianobilli,4,0.00229,17194,9.85612,174450
1395,MartinKirchner,4,0.00229,17198,9.85841,174450
1396,masanetes,4,0.00229,17202,9.86071,174450
1397,matedge,4,0.00229,17206,9.86300,174450
1398,MatthewPattell,4,0.00229,17210,9.86529,174450
1399,mbaeuerle,4,0.00229,17214,9.86758,174450
1400,mcavoyk,4,0.00229,17218,9.86988,174450
1401,mehdicopter,4,0.00229,17222,9.87217,174450
1402,micheam,4,0.00229,17226,9.87446,174450
1403,mikariekkinen,4,0.00229,17230,9.87676,174450
1404,mikeccuk2005,4,0.00229,17234,9.87905,174450
1405,minotaurrr,4,0.00229,17238,9.88134,174450
1406,miron9,4,0.00229,17242,9.88363,174450
1407,misteruly,4,0.00229,17246,9.88593,174450
1408,mixalako,4,0.00229,17250,9.88822,174450
1409,mkbhanda,4,0.00229,17254,9.89051,174450
1410,mkontani,4,0.00229,17258,9.89281,174450
1411,mluds,4,0.00229,17262,9.89510,174450
1412,moicci,4,0.00229,17266,9.89739,174450
1413,mojoa,4,0.00229,17270,9.89968,174450
1414,mo-saeed,4,0.00229,17274,9.90198,174450
1415,Moser-ss,4,0.00229,17278,9.90427,174450
1416,moshfeu,4,0.00229,17282,9.90656,174450
1417,moss2k13,4,0.00229,17286,9.90886,174450
1418,mostafa8026,4,0.00229,17290,9.91115,174450
1419,mrhovunping,4,0.00229,17294,9.91344,174450
1420,msidwell,4,0.00229,17298,9.91574,174450
1421,msk-,4,0.00229,17302,9.91803,174450
1422,mtnbikenc,4,0.00229,17306,9.92032,174450
1423,mudasar187,4,0.00229,17310,9.92261,174450
1424,mukulk2020,4,0.00229,17314,9.92491,174450
1425,mvertes,4,0.00229,17318,9.92720,174450
1426,n0-1,4,0.00229,17322,9.92949,174450
1427,naotospace,4,0.00229,17326,9.93179,174450
1428,Narayami,4,0.00229,17330,9.93408,174450
1429,nerzhul,4,0.00229,17334,9.93637,174450
1430,neutiyoo,4,0.00229,17338,9.93866,174450
1431,ngocketit,4,0.00229,17342,9.94096,174450
1432,NicolasFloquet,4,0.00229,17346,9.94325,174450
1433,nishipy,4,0.00229,17350,9.94554,174450
1434,Nit123,4,0.00229,17354,9.94784,174450
1435,nitinkapur,4,0.00229,17358,9.95013,174450
1436,njuptlzf,4,0.00229,17362,9.95242,174450
1437,nllptr,4,0.00229,17366,9.95471,174450
1438,noamangel,4,0.00229,17370,9.95701,174450
1439,nojvek,4,0.00229,17374,9.95930,174450
1440,nvrgngyup,4,0.00229,17378,9.96159,174450
1441,obaidomer,4,0.00229,17382,9.96389,174450
1442,obozek,4,0.00229,17386,9.96618,174450
1443,oguzssahin,4,0.00229,17390,9.96847,174450
1444,omeryounus,4,0.00229,17394,9.97077,174450
1445,opeco17,4,0.00229,17398,9.97306,174450
1446,orlakwahr,4,0.00229,17402,9.97535,174450
1447,otherguy,4,0.00229,17406,9.97764,174450
1448,pablitoergosum,4,0.00229,17410,9.97994,174450
1449,paikwiki,4,0.00229,17414,9.98223,174450
1450,papuneftali,4,0.00229,17418,9.98452,174450
1451,peterfeifanchen,4,0.00229,17422,9.98682,174450
1452,philwelz,4,0.00229,17426,9.98911,174450
1453,piaoliangkb,4,0.00229,17430,9.99140,174450
1454,Piccirello,4,0.00229,17434,9.99369,174450
1455,pierrchen,4,0.00229,17438,9.99599,174450
1456,Placidina,4,0.00229,17442,9.99828,174450
1457,pmyjavec,4,0.00229,17446,10.00057,174450
1458,pnosov,4,0.00229,17450,10.00287,174450
1459,popooja-8,4,0.00229,17454,10.00516,174450
1460,PQMISSCMP,4,0.00229,17458,10.00745,174450
1461,prco5,4,0.00229,17462,10.00974,174450
1462,psalaberria002,4,0.00229,17466,10.01204,174450
1463,psykulsk,4,0.00229,17470,10.01433,174450
1464,purplemysticx,4,0.00229,17474,10.01662,174450
1465,pwang7,4,0.00229,17478,10.01892,174450
1466,queenns,4,0.00229,17482,10.02121,174450
1467,quizy101,4,0.00229,17486,10.02350,174450
1468,rafagsiqueira,4,0.00229,17490,10.02580,174450
1469,Raffa50,4,0.00229,17494,10.02809,174450
1470,RagniGarg97,4,0.00229,17498,10.03038,174450
1471,rajeevchukkapalli,4,0.00229,17502,10.03267,174450
1472,rajeshkodali,4,0.00229,17506,10.03497,174450
1473,ranand20,4,0.00229,17510,10.03726,174450
1474,raphaelauv,4,0.00229,17514,10.03955,174450
1475,rawipfel,4,0.00229,17518,10.04185,174450
1476,RaymondKYLiu,4,0.00229,17522,10.04414,174450
1477,razilevin,4,0.00229,17526,10.04643,174450
1478,rca-sgautier,4,0.00229,17530,10.04872,174450
1479,red8888,4,0.00229,17534,10.05102,174450
1480,renjikari,4,0.00229,17538,10.05331,174450
1481,rennokki,4,0.00229,17542,10.05560,174450
1482,rentseen,4,0.00229,17546,10.05790,174450
1483,retroflexer,4,0.00229,17550,10.06019,174450
1484,revilwang,4,0.00229,17554,10.06248,174450
1485,ric79,4,0.00229,17558,10.06478,174450
1486,riffling,4,0.00229,17562,10.06707,174450
1487,rikust,4,0.00229,17566,10.06936,174450
1488,RiRa12621,4,0.00229,17570,10.07165,174450
1489,rlewkowicz,4,0.00229,17574,10.07395,174450
1490,rmazzine,4,0.00229,17578,10.07624,174450
1491,rmillzdev,4,0.00229,17582,10.07853,174450
1492,robarros,4,0.00229,17586,10.08083,174450
1493,RobbieJVMW,4,0.00229,17590,10.08312,174450
1494,RobbieMcKinstry,4,0.00229,17594,10.08541,174450
1495,rodrigoporcionato,4,0.00229,17598,10.08770,174450
1496,rsyracuse,4,0.00229,17602,10.09000,174450
1497,rtatnet3,4,0.00229,17606,10.09229,174450
1498,rubans,4,0.00229,17610,10.09458,174450
1499,rumstead,4,0.00229,17614,10.09688,174450
1500,sacoefrancis,4,0.00229,17618,10.09917,174450
1501,sandesha-rao-by,4,0.00229,17622,10.10146,174450
1502,santosh653,4,0.00229,17626,10.10375,174450
1503,SantosRay,4,0.00229,17630,10.10605,174450
1504,saurabhtmba2005,4,0.00229,17634,10.10834,174450
1505,scopej,4,0.00229,17638,10.11063,174450
1506,sgreene570,4,0.00229,17642,10.11293,174450
1507,Shahard2,4,0.00229,17646,10.11522,174450
1508,Shridharbhandar,4,0.00229,17650,10.11751,174450
1509,siddhant3030,4,0.00229,17654,10.11981,174450
1510,Skymirrh,4,0.00229,17658,10.12210,174450
1511,SkySonR,4,0.00229,17662,10.12439,174450
1512,slashmili,4,0.00229,17666,10.12668,174450
1513,smartin1296,4,0.00229,17670,10.12898,174450
1514,smashse,4,0.00229,17674,10.13127,174450
1515,snirbenyosef,4,0.00229,17678,10.13356,174450
1516,sobi3ch,4,0.00229,17682,10.13586,174450
1517,soft-way,4,0.00229,17686,10.13815,174450
1518,solarchad,4,0.00229,17690,10.14044,174450
1519,SomaticIT,4,0.00229,17694,10.14273,174450
1520,spacejam101,4,0.00229,17698,10.14503,174450
1521,sshukun,4,0.00229,17702,10.14732,174450
1522,Starttoaster,4,0.00229,17706,10.14961,174450
1523,stefandevo,4,0.00229,17710,10.15191,174450
1524,storozhilov,4,0.00229,17714,10.15420,174450
1525,stuzfuz,4,0.00229,17718,10.15649,174450
1526,surensinghkhatana,4,0.00229,17722,10.15878,174450
1527,SuxiangYundi,4,0.00229,17726,10.16108,174450
1528,sverch,4,0.00229,17730,10.16337,174450
1529,swapmat-f5,4,0.00229,17734,10.16566,174450
1530,swinges,4,0.00229,17738,10.16796,174450
1531,system51,4,0.00229,17742,10.17025,174450
1532,tallaxes,4,0.00229,17746,10.17254,174450
1533,tanjacky,4,0.00229,17750,10.17484,174450
1534,tatsuya-ogawa,4,0.00229,17754,10.17713,174450
1535,tcarland,4,0.00229,17758,10.17942,174450
1536,tdiesler,4,0.00229,17762,10.18171,174450
1537,tdihp,4,0.00229,17766,10.18401,174450
1538,Teja1126,4,0.00229,17770,10.18630,174450
1539,tetsuya28,4,0.00229,17774,10.18859,174450
1540,therapy-lf,4,0.00229,17778,10.19089,174450
1541,ThinkMo,4,0.00229,17782,10.19318,174450
1542,thomastvedt,4,0.00229,17786,10.19547,174450
1543,tlawrie,4,0.00229,17790,10.19776,174450
1544,tokomeno,4,0.00229,17794,10.20006,174450
1545,tom20180101,4,0.00229,17798,10.20235,174450
1546,tomas321,4,0.00229,17802,10.20464,174450
1547,tomgoren,4,0.00229,17806,10.20694,174450
1548,tpokki,4,0.00229,17810,10.20923,174450
1549,trashhalo,4,0.00229,17814,10.21152,174450
1550,treydock,4,0.00229,17818,10.21381,174450
1551,tsarna,4,0.00229,17822,10.21611,174450
1552,tshak,4,0.00229,17826,10.21840,174450
1553,ttsrg,4,0.00229,17830,10.22069,174450
1554,ucohen,4,0.00229,17834,10.22299,174450
1555,uiuifree,4,0.00229,17838,10.22528,174450
1556,unki,4,0.00229,17842,10.22757,174450
1557,ushuz,4,0.00229,17846,10.22987,174450
1558,utdevops,4,0.00229,17850,10.23216,174450
1559,uthsab,4,0.00229,17854,10.23445,174450
1560,utkarsh-pandey-ext,4,0.00229,17858,10.23674,174450
1561,vaassi,4,0.00229,17862,10.23904,174450
1562,varac,4,0.00229,17866,10.24133,174450
1563,varunpalekar,4,0.00229,17870,10.24362,174450
1564,vasuarv,4,0.00229,17874,10.24592,174450
1565,vibhutisawant,4,0.00229,17878,10.24821,174450
1566,vit100,4,0.00229,17882,10.25050,174450
1567,vivekzhere,4,0.00229,17886,10.25279,174450
1568,vixus0,4,0.00229,17890,10.25509,174450
1569,Voziv,4,0.00229,17894,10.25738,174450
1570,vpharabot,4,0.00229,17898,10.25967,174450
1571,wd,4,0.00229,17902,10.26197,174450
1572,wearethefoos,4,0.00229,17906,10.26426,174450
1573,whiskerch,4,0.00229,17910,10.26655,174450
1574,willemodendaal,4,0.00229,17914,10.26884,174450
1575,WillsonHG,4,0.00229,17918,10.27114,174450
1576,wingman-chakra,4,0.00229,17922,10.27343,174450
1577,wirwolf,4,0.00229,17926,10.27572,174450
1578,WoozyMasta,4,0.00229,17930,10.27802,174450
1579,xh3b4sd,4,0.00229,17934,10.28031,174450
1580,xiaopeng-han,4,0.00229,17938,10.28260,174450
1581,xmapst,4,0.00229,17942,10.28490,174450
1582,Xyaren,4,0.00229,17946,10.28719,174450
1583,yangcheng-icbc,4,0.00229,17950,10.28948,174450
1584,yaoice,4,0.00229,17954,10.29177,174450
1585,yassan,4,0.00229,17958,10.29407,174450
1586,ycao56,4,0.00229,17962,10.29636,174450
1587,yelhouti,4,0.00229,17966,10.29865,174450
1588,youpai,4,0.00229,17970,10.30095,174450
1589,Yuaninga,4,0.00229,17974,10.30324,174450
1590,yue-wen,4,0.00229,17978,10.30553,174450
1591,zaheerm,4,0.00229,17982,10.30782,174450
1592,zanjichao,4,0.00229,17986,10.31012,174450
1593,zentale,4,0.00229,17990,10.31241,174450
1594,zerchin,4,0.00229,17994,10.31470,174450
1595,zevinar,4,0.00229,17998,10.31700,174450
1596,zizon,4,0.00229,18002,10.31929,174450
1597,zjkmxy,4,0.00229,18006,10.32158,174450
1598,zoux86,4,0.00229,18010,10.32388,174450
1599,zzzkl,4,0.00229,18014,10.32617,174450
1600,030,3,0.00172,18017,10.32789,174450
1601,12Dong,3,0.00172,18020,10.32961,174450
1602,842Mono,3,0.00172,18023,10.33133,174450
1603,a1russell,3,0.00172,18026,10.33305,174450
1604,aaaaahaaaaa,3,0.00172,18029,10.33477,174450
1605,Aashrutisingh,3,0.00172,18032,10.33649,174450
1606,abelsromero,3,0.00172,18035,10.33821,174450
1607,abhassine,3,0.00172,18038,10.33993,174450
1608,accnops,3,0.00172,18041,10.34165,174450
1609,aceqbaceq,3,0.00172,18044,10.34336,174450
1610,adam-power,3,0.00172,18047,10.34508,174450
1611,AdamSLevy,3,0.00172,18050,10.34680,174450
1612,adamtulinius,3,0.00172,18053,10.34852,174450
1613,adnxn,3,0.00172,18056,10.35024,174450
1614,agowa338,3,0.00172,18059,10.35196,174450
1615,ahojcn,3,0.00172,18062,10.35368,174450
1616,Airex,3,0.00172,18065,10.35540,174450
1617,ajsharma,3,0.00172,18068,10.35712,174450
1618,akloss-cibo,3,0.00172,18071,10.35884,174450
1619,alandixon,3,0.00172,18074,10.36056,174450
1620,alefray,3,0.00172,18077,10.36228,174450
1621,AlexisMtr,3,0.00172,18080,10.36400,174450
1622,alextaran1996,3,0.00172,18083,10.36572,174450
1623,alistarle,3,0.00172,18086,10.36744,174450
1624,allx,3,0.00172,18089,10.36916,174450
1625,almato-mdm-support,3,0.00172,18092,10.37088,174450
1626,amarjitmult,3,0.00172,18095,10.37260,174450
1627,amgads,3,0.00172,18098,10.37432,174450
1628,AmineMH7,3,0.00172,18101,10.37604,174450
1629,amitkrishna,3,0.00172,18104,10.37776,174450
1630,AmitVishwash,3,0.00172,18107,10.37948,174450
1631,anakaiti,3,0.00172,18110,10.38120,174450
1632,ancatri,3,0.00172,18113,10.38292,174450
1633,andelhie,3,0.00172,18116,10.38464,174450
1634,andredasilvapinto,3,0.00172,18119,10.38636,174450
1635,Andrewangeta,3,0.00172,18122,10.38808,174450
1636,andy-kimball,3,0.00172,18125,10.38980,174450
1637,anemptyair,3,0.00172,18128,10.39152,174450
1638,aniketdivekar,3,0.00172,18131,10.39324,174450
1639,ankita2910,3,0.00172,18134,10.39496,174450
1640,ankitabhopatkar13,3,0.00172,18137,10.39668,174450
1641,anshulsri12,3,0.00172,18140,10.39839,174450
1642,antoinetran,3,0.00172,18143,10.40011,174450
1643,anttilinno,3,0.00172,18146,10.40183,174450
1644,Anynou,3,0.00172,18149,10.40355,174450
1645,aquariuslt,3,0.00172,18152,10.40527,174450
1646,aranmohyeddin,3,0.00172,18155,10.40699,174450
1647,arikbidny,3,0.00172,18158,10.40871,174450
1648,arivatibm,3,0.00172,18161,10.41043,174450
1649,armandgrillet,3,0.00172,18164,10.41215,174450
1650,Arnaud-Francois-Fausse,3,0.00172,18167,10.41387,174450
1651,arocki7,3,0.00172,18170,10.41559,174450
1652,aroramanish080282,3,0.00172,18173,10.41731,174450
1653,ArtemProc,3,0.00172,18176,10.41903,174450
1654,arthurlogilab,3,0.00172,18179,10.42075,174450
1655,arunabhabanerjee,3,0.00172,18182,10.42247,174450
1656,aservera,3,0.00172,18185,10.42419,174450
1657,asheldon,3,0.00172,18188,10.42591,174450
1658,ashlineldridge,3,0.00172,18191,10.42763,174450
1659,assassin5615,3,0.00172,18194,10.42935,174450
1660,asychev,3,0.00172,18197,10.43107,174450
1661,atkuzmanov,3,0.00172,18200,10.43279,174450
1662,austinwheelock,3,0.00172,18203,10.43451,174450
1663,avasquez614,3,0.00172,18206,10.43623,174450
1664,avmohan,3,0.00172,18209,10.43795,174450
1665,AWSmith0216,3,0.00172,18212,10.43967,174450
1666,azizn03,3,0.00172,18215,10.44139,174450
1667,baiwfg2,3,0.00172,18218,10.44311,174450
1668,bamarni,3,0.00172,18221,10.44483,174450
1669,Banchio,3,0.00172,18224,10.44655,174450
1670,banDedo,3,0.00172,18227,10.44827,174450
1671,BarrieShieh,3,0.00172,18230,10.44999,174450
1672,barryzhounb,3,0.00172,18233,10.45171,174450
1673,BartoszCki,3,0.00172,18236,10.45343,174450
1674,batas,3,0.00172,18239,10.45514,174450
1675,baurmatt,3,0.00172,18242,10.45686,174450
1676,bbgobie,3,0.00172,18245,10.45858,174450
1677,bburky,3,0.00172,18248,10.46030,174450
1678,beldred-umd,3,0.00172,18251,10.46202,174450
1679,bendavis78,3,0.00172,18254,10.46374,174450
1680,benjick,3,0.00172,18257,10.46546,174450
1681,benoist,3,0.00172,18260,10.46718,174450
1682,bibinphilip,3,0.00172,18263,10.46890,174450
1683,Bjohnson131,3,0.00172,18266,10.47062,174450
1684,BlackBsd,3,0.00172,18269,10.47234,174450
1685,blaubaer,3,0.00172,18272,10.47406,174450
1686,blorette,3,0.00172,18275,10.47578,174450
1687,bluestealth,3,0.00172,18278,10.47750,174450
1688,b-luu,3,0.00172,18281,10.47922,174450
1689,Boca13,3,0.00172,18284,10.48094,174450
1690,BoleynSu,3,0.00172,18287,10.48266,174450
1691,boredabdel,3,0.00172,18290,10.48438,174450
1692,borkod,3,0.00172,18293,10.48610,174450
1693,bortek,3,0.00172,18296,10.48782,174450
1694,Bouncey,3,0.00172,18299,10.48954,174450
1695,bpaduch,3,0.00172,18302,10.49126,174450
1696,braxtone,3,0.00172,18305,10.49298,174450
1697,brettcurtis,3,0.00172,18308,10.49470,174450
1698,brettplarson,3,0.00172,18311,10.49642,174450
1699,browningjp,3,0.00172,18314,10.49814,174450
1700,bryanchang15,3,0.00172,18317,10.49986,174450
1701,bryankaraffa,3,0.00172,18320,10.50158,174450
1702,buptliuwei,3,0.00172,18323,10.50330,174450
1703,byrneo,3,0.00172,18326,10.50502,174450
1704,bzuelke,3,0.00172,18329,10.50674,174450
1705,c10l,3,0.00172,18332,10.50846,174450
1706,calebstewart,3,0.00172,18335,10.51017,174450
1707,carloscastrojumo,3,0.00172,18338,10.51189,174450
1708,casper-lc,3,0.00172,18341,10.51361,174450
1709,cbrgm,3,0.00172,18344,10.51533,174450
1710,cdlliuy,3,0.00172,18347,10.51705,174450
1711,chandankashyap19,3,0.00172,18350,10.51877,174450
1712,changsijay,3,0.00172,18353,10.52049,174450
1713,ChAnYaNG97,3,0.00172,18356,10.52221,174450
1714,chapai518,3,0.00172,18359,10.52393,174450
1715,chbois,3,0.00172,18362,10.52565,174450
1716,chemasan,3,0.00172,18365,10.52737,174450
1717,cheng0214,3,0.00172,18368,10.52909,174450
1718,Chengxuan,3,0.00172,18371,10.53081,174450
1719,chinmay22897,3,0.00172,18374,10.53253,174450
1720,choury,3,0.00172,18377,10.53425,174450
1721,chrisjohnson00,3,0.00172,18380,10.53597,174450
1722,christianknell,3,0.00172,18383,10.53769,174450
1723,christianri,3,0.00172,18386,10.53941,174450
1724,chrko,3,0.00172,18389,10.54113,174450
1725,cimes-isi,3,0.00172,18392,10.54285,174450
1726,cjbehm,3,0.00172,18395,10.54457,174450
1727,coder2213,3,0.00172,18398,10.54629,174450
1728,croman-skyhook,3,0.00172,18401,10.54801,174450
1729,croziere,3,0.00172,18404,10.54973,174450
1730,ctison,3,0.00172,18407,10.55145,174450
1731,cvvz,3,0.00172,18410,10.55317,174450
1732,cwchoe,3,0.00172,18413,10.55489,174450
1733,cxz0804,3,0.00172,18416,10.55661,174450
1734,cyrus-mc,3,0.00172,18419,10.55833,174450
1735,d3v2null,3,0.00172,18422,10.56005,174450
1736,danfromtitan,3,0.00172,18425,10.56177,174450
1737,danilo404,3,0.00172,18428,10.56349,174450
1738,danoh-recurly,3,0.00172,18431,10.56520,174450
1739,danquack,3,0.00172,18434,10.56692,174450
1740,dan-slinky-ckpd,3,0.00172,18437,10.56864,174450
1741,dansotirakis,3,0.00172,18440,10.57036,174450
1742,dansou901,3,0.00172,18443,10.57208,174450
1743,dave-meier,3,0.00172,18446,10.57380,174450
1744,davidchieregato,3,0.00172,18449,10.57552,174450
1745,davidcsi,3,0.00172,18452,10.57724,174450
1746,DavidGrinberg,3,0.00172,18455,10.57896,174450
1747,davidnortonjr-sps,3,0.00172,18458,10.58068,174450
1748,dbaylerg,3,0.00172,18461,10.58240,174450
1749,DcardosoJS,3,0.00172,18464,10.58412,174450
1750,dcecile,3,0.00172,18467,10.58584,174450
1751,DeadZen,3,0.00172,18470,10.58756,174450
1752,deanpeterson,3,0.00172,18473,10.58928,174450
1753,dedok1997,3,0.00172,18476,10.59100,174450
1754,dench201-cool,3,0.00172,18479,10.59272,174450
1755,dennisjac,3,0.00172,18482,10.59444,174450
1756,DesistDaydream,3,0.00172,18485,10.59616,174450
1757,develar,3,0.00172,18488,10.59788,174450
1758,devincd,3,0.00172,18491,10.59960,174450
1759,dgajendran,3,0.00172,18494,10.60132,174450
1760,dguendisch,3,0.00172,18497,10.60304,174450
1761,dheerajinganti,3,0.00172,18500,10.60476,174450
1762,dhemeier,3,0.00172,18503,10.60648,174450
1763,dhouhamaa,3,0.00172,18506,10.60820,174450
1764,diamantisk,3,0.00172,18509,10.60992,174450
1765,dinvlad,3,0.00172,18512,10.61164,174450
1766,dionysius,3,0.00172,18515,10.61336,174450
1767,Divechatofik,3,0.00172,18518,10.61508,174450
1768,divramod,3,0.00172,18521,10.61680,174450
1769,djatkdgus789,3,0.00172,18524,10.61852,174450
1770,DKImprowised,3,0.00172,18527,10.62024,174450
1771,dlbas,3,0.00172,18530,10.62195,174450
1772,dlumpp,3,0.00172,18533,10.62367,174450
1773,dmeytin,3,0.00172,18536,10.62539,174450
1774,DMXGuru,3,0.00172,18539,10.62711,174450
1775,DocX,3,0.00172,18542,10.62883,174450
1776,dominrivera,3,0.00172,18545,10.63055,174450
1777,dondreytaylor,3,0.00172,18548,10.63227,174450
1778,dongyu,3,0.00172,18551,10.63399,174450
1779,donmeganotz,3,0.00172,18554,10.63571,174450
1780,doug-fish,3,0.00172,18557,10.63743,174450
1781,dpoetzsch,3,0.00172,18560,10.63915,174450
1782,DreamingRaven,3,0.00172,18563,10.64087,174450
1783,dricoco,3,0.00172,18566,10.64259,174450
1784,dstrivelli,3,0.00172,18569,10.64431,174450
1785,duncangrist,3,0.00172,18572,10.64603,174450
1786,Dviejopomata,3,0.00172,18575,10.64775,174450
1787,dvzrv,3,0.00172,18578,10.64947,174450
1788,Dyanngg,3,0.00172,18581,10.65119,174450
1789,Dyllaann,3,0.00172,18584,10.65291,174450
1790,edrickwong,3,0.00172,18587,10.65463,174450
1791,eds-wzc,3,0.00172,18590,10.65635,174450
1792,edtrist,3,0.00172,18593,10.65807,174450
1793,ehbello,3,0.00172,18596,10.65979,174450
1794,elliotfehr,3,0.00172,18599,10.66151,174450
1795,elonzh,3,0.00172,18602,10.66323,174450
1796,EmilienM,3,0.00172,18605,10.66495,174450
1797,enkelprifti98,3,0.00172,18608,10.66667,174450
1798,erdii,3,0.00172,18611,10.66839,174450
1799,es1o,3,0.00172,18614,10.67011,174450
1800,espindola,3,0.00172,18617,10.67183,174450
1801,eugenetaranov,3,0.00172,18620,10.67355,174450
1802,evan37717,3,0.00172,18623,10.67527,174450
1803,evildevel,3,0.00172,18626,10.67698,174450
1804,evilrussian,3,0.00172,18629,10.67870,174450
1805,fabstu,3,0.00172,18632,10.68042,174450
1806,fans3210,3,0.00172,18635,10.68214,174450
1807,farrajota,3,0.00172,18638,10.68386,174450
1808,fawadkhaliq,3,0.00172,18641,10.68558,174450
1809,fckbo,3,0.00172,18644,10.68730,174450
1810,ffjia,3,0.00172,18647,10.68902,174450
1811,florent-tails,3,0.00172,18650,10.69074,174450
1812,Focke-Wulf,3,0.00172,18653,10.69246,174450
1813,francoisminaud,3,0.00172,18656,10.69418,174450
1814,FredM,3,0.00172,18659,10.69590,174450
1815,FreeManNumOne,3,0.00172,18662,10.69762,174450
1816,FrelDX,3,0.00172,18665,10.69934,174450
1817,fsladkey,3,0.00172,18668,10.70106,174450
1818,gabriellemadden,3,0.00172,18671,10.70278,174450
1819,gal-ofir-ms,3,0.00172,18674,10.70450,174450
1820,Ganesh0509,3,0.00172,18677,10.70622,174450
1821,gangadharmgithub,3,0.00172,18680,10.70794,174450
1822,geokb,3,0.00172,18683,10.70966,174450
1823,germanafro,3,0.00172,18686,10.71138,174450
1824,ggjjlldd,3,0.00172,18689,10.71310,174450
1825,ghardin100,3,0.00172,18692,10.71482,174450
1826,GhassenKacem,3,0.00172,18695,10.71654,174450
1827,ghfalcon7,3,0.00172,18698,10.71826,174450
1828,GitHanDong,3,0.00172,18701,10.71998,174450
1829,githubformichael,3,0.00172,18704,10.72170,174450
1830,gogineni99,3,0.00172,18707,10.72342,174450
1831,goku321,3,0.00172,18710,10.72514,174450
1832,GoodBoy020,3,0.00172,18713,10.72686,174450
1833,goyalmayankk,3,0.00172,18716,10.72858,174450
1834,gravis,3,0.00172,18719,10.73030,174450
1835,GraysonCAdams,3,0.00172,18722,10.73201,174450
1836,grig-tar,3,0.00172,18725,10.73373,174450
1837,GSalah,3,0.00172,18728,10.73545,174450
1838,guyellis,3,0.00172,18731,10.73717,174450
1839,gwatts,3,0.00172,18734,10.73889,174450
1840,h0jeZvgoxFepBQ2C,3,0.00172,18737,10.74061,174450
1841,Haar,3,0.00172,18740,10.74233,174450
1842,habibali95,3,0.00172,18743,10.74405,174450
1843,hansedong,3,0.00172,18746,10.74577,174450
1844,harshsingh1002,3,0.00172,18749,10.74749,174450
1845,harvychen,3,0.00172,18752,10.74921,174450
1846,havulv,3,0.00172,18755,10.75093,174450
1847,heartTorres,3,0.00172,18758,10.75265,174450
1848,Heiko-san,3,0.00172,18761,10.75437,174450
1849,hellotaotao,3,0.00172,18764,10.75609,174450
1850,hjanuschka,3,0.00172,18767,10.75781,174450
1851,hoboroten,3,0.00172,18770,10.75953,174450
1852,hodur,3,0.00172,18773,10.76125,174450
1853,hpschry,3,0.00172,18776,10.76297,174450
1854,htlabc,3,0.00172,18779,10.76469,174450
1855,huataihuang,3,0.00172,18782,10.76641,174450
1856,hulucc,3,0.00172,18785,10.76813,174450
1857,hwacookie,3,0.00172,18788,10.76985,174450
1858,hwk42,3,0.00172,18791,10.77157,174450
1859,hydrogen18,3,0.00172,18794,10.77329,174450
1860,hzhou97,3,0.00172,18797,10.77501,174450
1861,iamaverrick,3,0.00172,18800,10.77673,174450
1862,iamtakingiteasy,3,0.00172,18803,10.77845,174450
1863,icelynjennings,3,0.00172,18806,10.78017,174450
1864,icheikhrouhou,3,0.00172,18809,10.78189,174450
1865,icyxp,3,0.00172,18812,10.78361,174450
1866,ilyakaznacheev,3,0.00172,18815,10.78533,174450
1867,imilchev,3,0.00172,18818,10.78704,174450
1868,infa-ssaurabh,3,0.00172,18821,10.78876,174450
1869,inoam,3,0.00172,18824,10.79048,174450
1870,irmishappy,3,0.00172,18827,10.79220,174450
1871,ironyman,3,0.00172,18830,10.79392,174450
1872,isaachui,3,0.00172,18833,10.79564,174450
1873,ivanmp91,3,0.00172,18836,10.79736,174450
1874,jacek-jablonski,3,0.00172,18839,10.79908,174450
1875,jackie-JD,3,0.00172,18842,10.80080,174450
1876,jadelafuente,3,0.00172,18845,10.80252,174450
1877,jajalcoding,3,0.00172,18848,10.80424,174450
1878,jamesikanos,3,0.00172,18851,10.80596,174450
1879,JanetMatsen,3,0.00172,18854,10.80768,174450
1880,JanisOrlovs,3,0.00172,18857,10.80940,174450
1881,JanJakes,3,0.00172,18860,10.81112,174450
1882,jasonmcintosh,3,0.00172,18863,10.81284,174450
1883,javierfar,3,0.00172,18866,10.81456,174450
1884,jbauerrfid,3,0.00172,18869,10.81628,174450
1885,jb-dk,3,0.00172,18872,10.81800,174450
1886,jeffherald,3,0.00172,18875,10.81972,174450
1887,jeid64,3,0.00172,18878,10.82144,174450
1888,jerryhu1234,3,0.00172,18881,10.82316,174450
1889,jhead-slg,3,0.00172,18884,10.82488,174450
1890,jiamine,3,0.00172,18887,10.82660,174450
1891,jindezgm,3,0.00172,18890,10.82832,174450
1892,jkholtzman,3,0.00172,18893,10.83004,174450
1893,jluhrsen,3,0.00172,18896,10.83176,174450
1894,jmprusi,3,0.00172,18899,10.83348,174450
1895,JochenGuck,3,0.00172,18902,10.83520,174450
1896,joearul09,3,0.00172,18905,10.83692,174450
1897,johan-smits,3,0.00172,18908,10.83864,174450
1898,johnegrosjean,3,0.00172,18911,10.84036,174450
1899,jonny-wg2,3,0.00172,18914,10.84208,174450
1900,joonghyunlee,3,0.00172,18917,10.84379,174450
1901,josedev-union,3,0.00172,18920,10.84551,174450
1902,jpromnam,3,0.00172,18923,10.84723,174450
1903,jscoys,3,0.00172,18926,10.84895,174450
1904,jseiser,3,0.00172,18929,10.85067,174450
1905,js-timbirkett,3,0.00172,18932,10.85239,174450
1906,julesrenaud,3,0.00172,18935,10.85411,174450
1907,jwanga,3,0.00172,18938,10.85583,174450
1908,jybarnes,3,0.00172,18941,10.85755,174450
1909,jyyeom,3,0.00172,18944,10.85927,174450
1910,jzl9fOmk,3,0.00172,18947,10.86099,174450
1911,kaeltis,3,0.00172,18950,10.86271,174450
1912,kamek-pf,3,0.00172,18953,10.86443,174450
1913,kanthasamyraja,3,0.00172,18956,10.86615,174450
1914,karanssj4,3,0.00172,18959,10.86787,174450
1915,kartik-moolya,3,0.00172,18962,10.86959,174450
1916,kasramp,3,0.00172,18965,10.87131,174450
1917,katsuhisa91,3,0.00172,18968,10.87303,174450
1918,kdyakova,3,0.00172,18971,10.87475,174450
1919,ken-tunc,3,0.00172,18974,10.87647,174450
1920,kesavanrangan,3,0.00172,18977,10.87819,174450
1921,kevinsmithwrs,3,0.00172,18980,10.87991,174450
1922,khacminh,3,0.00172,18983,10.88163,174450
1923,khs1994,3,0.00172,18986,10.88335,174450
1924,kingaooto,3,0.00172,18989,10.88507,174450
1925,kintarowins,3,0.00172,18992,10.88679,174450
1926,kitchen-squarespace,3,0.00172,18995,10.88851,174450
1927,kitianFresh,3,0.00172,18998,10.89023,174450
1928,kkrhdd,3,0.00172,19001,10.89195,174450
1929,Klohto,3,0.00172,19004,10.89367,174450
1930,kokiebisu,3,0.00172,19007,10.89539,174450
1931,Konmoron,3,0.00172,19010,10.89711,174450
1932,kowalczykp,3,0.00172,19013,10.89882,174450
1933,kpiyush17,3,0.00172,19016,10.90054,174450
1934,Kristof-Mattei,3,0.00172,19019,10.90226,174450
1935,kubefetch,3,0.00172,19022,10.90398,174450
1936,KubeLouis,3,0.00172,19025,10.90570,174450
1937,kumarvin123,3,0.00172,19028,10.90742,174450
1938,kvp-cs,3,0.00172,19031,10.90914,174450
1939,kyprifog,3,0.00172,19034,10.91086,174450
1940,l0wl3vel,3,0.00172,19037,10.91258,174450
1941,lacebal,3,0.00172,19040,10.91430,174450
1942,laimison,3,0.00172,19043,10.91602,174450
1943,LalexH,3,0.00172,19046,10.91774,174450
1944,lambohamp,3,0.00172,19049,10.91946,174450
1945,lauralorenz,3,0.00172,19052,10.92118,174450
1946,Laurianti,3,0.00172,19055,10.92290,174450
1947,ldayton,3,0.00172,19058,10.92462,174450
1948,levin-kelevra,3,0.00172,19061,10.92634,174450
1949,liavyona,3,0.00172,19064,10.92806,174450
1950,linecolumn,3,0.00172,19067,10.92978,174450
1951,LittleBaiBai,3,0.00172,19070,10.93150,174450
1952,lmgnid,3,0.00172,19073,10.93322,174450
1953,loekalive,3,0.00172,19076,10.93494,174450
1954,LooJee,3,0.00172,19079,10.93666,174450
1955,loopever,3,0.00172,19082,10.93838,174450
1956,lpellegr,3,0.00172,19085,10.94010,174450
1957,Lucaber,3,0.00172,19088,10.94182,174450
1958,luisusr,3,0.00172,19091,10.94354,174450
1959,luniHw,3,0.00172,19094,10.94526,174450
1960,lxm,3,0.00172,19097,10.94698,174450
1961,lynx-coding,3,0.00172,19100,10.94870,174450
1962,lyveng,3,0.00172,19103,10.95042,174450
1963,maciejaszek,3,0.00172,19106,10.95214,174450
1964,maephisto666,3,0.00172,19109,10.95385,174450
1965,mafi81,3,0.00172,19112,10.95557,174450
1966,magnus-larsson,3,0.00172,19115,10.95729,174450
1967,mahendrabagul,3,0.00172,19118,10.95901,174450
1968,MaheshwarReddyGade,3,0.00172,19121,10.96073,174450
1969,majorinche,3,0.00172,19124,10.96245,174450
1970,MakrandPare,3,0.00172,19127,10.96417,174450
1971,mallow111,3,0.00172,19130,10.96589,174450
1972,manas-mukherjee,3,0.00172,19133,10.96761,174450
1973,mandelsoft,3,0.00172,19136,10.96933,174450
1974,mandre,3,0.00172,19139,10.97105,174450
1975,manute,3,0.00172,19142,10.97277,174450
1976,mapdegree,3,0.00172,19145,10.97449,174450
1977,marcosfsch,3,0.00172,19148,10.97621,174450
1978,marga-kinvolk,3,0.00172,19151,10.97793,174450
1979,mariusziemke,3,0.00172,19154,10.97965,174450
1980,marlow-h,3,0.00172,19157,10.98137,174450
1981,marquetemb,3,0.00172,19160,10.98309,174450
1982,MarryZhang,3,0.00172,19163,10.98481,174450
1983,marshtompsxd,3,0.00172,19166,10.98653,174450
1984,marty2bell,3,0.00172,19169,10.98825,174450
1985,MasterLover,3,0.00172,19172,10.98997,174450
1986,mat285,3,0.00172,19175,10.99169,174450
1987,matsonkepson,3,0.00172,19178,10.99341,174450
1988,matt-demers,3,0.00172,19181,10.99513,174450
1989,maxweisel,3,0.00172,19184,10.99685,174450
1990,mayakacz,3,0.00172,19187,10.99857,174450
1991,mbacchi,3,0.00172,19190,11.00029,174450
1992,mbelsky,3,0.00172,19193,11.00201,174450
1993,mbevc1,3,0.00172,19196,11.00373,174450
1994,McCo0L,3,0.00172,19199,11.00545,174450
1995,mckrl,3,0.00172,19202,11.00717,174450
1996,mds1455975151,3,0.00172,19205,11.00889,174450
1997,md-waldron,3,0.00172,19208,11.01060,174450
1998,mhabicht,3,0.00172,19211,11.01232,174450
1999,mhewedy,3,0.00172,19214,11.01404,174450
2000,mickeypash,3,0.00172,19217,11.01576,174450
2001,micktg,3,0.00172,19220,11.01748,174450
2002,miguescri,3,0.00172,19223,11.01920,174450
2003,mihaimyh,3,0.00172,19226,11.02092,174450
2004,mikegehard,3,0.00172,19229,11.02264,174450
2005,MikeMichel,3,0.00172,19232,11.02436,174450
2006,mikemil,3,0.00172,19235,11.02608,174450
2007,ming-ddtechcg,3,0.00172,19238,11.02780,174450
2008,min-zh,3,0.00172,19241,11.02952,174450
2009,mirageglobe,3,0.00172,19244,11.03124,174450
2010,mjaow,3,0.00172,19247,11.03296,174450
2011,moficodes,3,0.00172,19250,11.03468,174450
2012,mooperd,3,0.00172,19253,11.03640,174450
2013,mpanchap-git,3,0.00172,19256,11.03812,174450
2014,mquilling,3,0.00172,19259,11.03984,174450
2015,mrdulin,3,0.00172,19262,11.04156,174450
2016,mrmarcsmith,3,0.00172,19265,11.04328,174450
2017,MRostanski,3,0.00172,19268,11.04500,174450
2018,msgNlswmr,3,0.00172,19271,11.04672,174450
2019,muench-b1,3,0.00172,19274,11.04844,174450
2020,muhyousri,3,0.00172,19277,11.05016,174450
2021,mxtsuper,3,0.00172,19280,11.05188,174450
2022,mykidong,3,0.00172,19283,11.05360,174450
2023,MykolaPelyp-SoftServe,3,0.00172,19286,11.05532,174450
2024,nagomikslai,3,0.00172,19289,11.05704,174450
2025,nakamume,3,0.00172,19292,11.05876,174450
2026,namgizlat,3,0.00172,19295,11.06048,174450
2027,nandeeshb09,3,0.00172,19298,11.06220,174450
2028,ndavidson-pulse,3,0.00172,19301,11.06392,174450
2029,Nebojsa92,3,0.00172,19304,11.06563,174450
2030,nehzata,3,0.00172,19307,11.06735,174450
2031,neuliuyin,3,0.00172,19310,11.06907,174450
2032,NickPak,3,0.00172,19313,11.07079,174450
2033,nickperry,3,0.00172,19316,11.07251,174450
2034,nicolas-geniteau,3,0.00172,19319,11.07423,174450
2035,nikhilbhalwankar,3,0.00172,19322,11.07595,174450
2036,NityanDesai,3,0.00172,19325,11.07767,174450
2037,niuyueyang1996,3,0.00172,19328,11.07939,174450
2038,Nowaker,3,0.00172,19331,11.08111,174450
2039,nunoguerreirorosa,3,0.00172,19334,11.08283,174450
2040,o0-o0,3,0.00172,19337,11.08455,174450
2041,okutasan,3,0.00172,19340,11.08627,174450
2042,old-code-monkey,3,0.00172,19343,11.08799,174450
2043,OliverCole,3,0.00172,19346,11.08971,174450
2044,olivernadj,3,0.00172,19349,11.09143,174450
2045,OmriHarary,3,0.00172,19352,11.09315,174450
2046,ormergi,3,0.00172,19355,11.09487,174450
2047,osela,3,0.00172,19358,11.09659,174450
2048,ovaleanujnpr,3,0.00172,19361,11.09831,174450
2049,OvervCW,3,0.00172,19364,11.10003,174450
2050,ozhuang,3,0.00172,19367,11.10175,174450
2051,p37ruh4,3,0.00172,19370,11.10347,174450
2052,pagarwal-tibco,3,0.00172,19373,11.10519,174450
2053,palsivertsen,3,0.00172,19376,11.10691,174450
2054,panicbit,3,0.00172,19379,11.10863,174450
2055,pankaj02,3,0.00172,19382,11.11035,174450
2056,pantianying,3,0.00172,19385,11.11207,174450
2057,ParvJain,3,0.00172,19388,11.11379,174450
2058,pascalnaber,3,0.00172,19391,11.11551,174450
2059,paulcarlton-ww,3,0.00172,19394,11.11723,174450
2060,paulmchen,3,0.00172,19397,11.11895,174450
2061,pausa,3,0.00172,19400,11.12066,174450
2062,peteroneilljr,3,0.00172,19403,11.12238,174450
2063,petr-motejlek,3,0.00172,19406,11.12410,174450
2064,pgoyal01,3,0.00172,19409,11.12582,174450
2065,phillc,3,0.00172,19412,11.12754,174450
2066,phntom,3,0.00172,19415,11.12926,174450
2067,pianeko,3,0.00172,19418,11.13098,174450
2068,pinkavaj,3,0.00172,19421,11.13270,174450
2069,piotrkochan,3,0.00172,19424,11.13442,174450
2070,plugwash,3,0.00172,19427,11.13614,174450
2071,plutzilla,3,0.00172,19430,11.13786,174450
2072,pmartin-lvmh,3,0.00172,19433,11.13958,174450
2073,PorasS,3,0.00172,19436,11.14130,174450
2074,prakashrj,3,0.00172,19439,11.14302,174450
2075,prashantkumashi,3,0.00172,19442,11.14474,174450
2076,pretendhigh,3,0.00172,19445,11.14646,174450
2077,previsenathan,3,0.00172,19448,11.14818,174450
2078,pribalaji58,3,0.00172,19451,11.14990,174450
2079,programistka,3,0.00172,19454,11.15162,174450
2080,PropeReferio,3,0.00172,19457,11.15334,174450
2081,Pryz,3,0.00172,19460,11.15506,174450
2082,PSjoe,3,0.00172,19463,11.15678,174450
2083,ptylczynski,3,0.00172,19466,11.15850,174450
2084,pushp1997,3,0.00172,19469,11.16022,174450
2085,pyama86,3,0.00172,19472,11.16194,174450
2086,qaifshaikh,3,0.00172,19475,11.16366,174450
2087,qiang0,3,0.00172,19478,11.16538,174450
2088,qingwave,3,0.00172,19481,11.16710,174450
2089,qlyoung,3,0.00172,19484,11.16882,174450
2090,raidancampbell,3,0.00172,19487,11.17054,174450
2091,rainahtdm,3,0.00172,19490,11.17226,174450
2092,rajeshkumaratappviewx,3,0.00172,19493,11.17398,174450
2093,RajPathare,3,0.00172,19496,11.17570,174450
2094,rajurh,3,0.00172,19499,11.17741,174450
2095,rakshith-ponnappa,3,0.00172,19502,11.17913,174450
2096,rakshit-simha,3,0.00172,19505,11.18085,174450
2097,ramzis,3,0.00172,19508,11.18257,174450
2098,raonadeem,3,0.00172,19511,11.18429,174450
2099,RaptorLjung,3,0.00172,19514,11.18601,174450
2100,raul-te,3,0.00172,19517,11.18773,174450
2101,Ravi19967,3,0.00172,19520,11.18945,174450
2102,rboal,3,0.00172,19523,11.19117,174450
2103,rbudiharso,3,0.00172,19526,11.19289,174450
2104,readerx,3,0.00172,19529,11.19461,174450
2105,ReillyTevera,3,0.00172,19532,11.19633,174450
2106,reinvantveer,3,0.00172,19535,11.19805,174450
2107,reith,3,0.00172,19538,11.19977,174450
2108,RenaShahMSFT,3,0.00172,19541,11.20149,174450
2109,revolunet,3,0.00172,19544,11.20321,174450
2110,rhtyd,3,0.00172,19547,11.20493,174450
2111,ricardbejarano,3,0.00172,19550,11.20665,174450
2112,riccardomurri,3,0.00172,19553,11.20837,174450
2113,richardmcsong,3,0.00172,19556,11.21009,174450
2114,rickardp,3,0.00172,19559,11.21181,174450
2115,rmanyari,3,0.00172,19562,11.21353,174450
2116,RoadRunnr,3,0.00172,19565,11.21525,174450
2117,RobEarl,3,0.00172,19568,11.21697,174450
2118,robertsmieja,3,0.00172,19571,11.21869,174450
2119,robgordon89,3,0.00172,19574,11.22041,174450
2120,robin-wayve,3,0.00172,19577,11.22213,174450
2121,rohit-dikkar,3,0.00172,19580,11.22385,174450
2122,rojarasigan,3,0.00172,19583,11.22557,174450
2123,rollerd,3,0.00172,19586,11.22729,174450
2124,rpiteira,3,0.00172,19589,11.22901,174450
2125,rubenrajkowski-nbcuni,3,0.00172,19592,11.23073,174450
2126,runaroy1209,3,0.00172,19595,11.23244,174450
2127,rverchere,3,0.00172,19598,11.23416,174450
2128,sab24,3,0.00172,19601,11.23588,174450
2129,sachincool,3,0.00172,19604,11.23760,174450
2130,saintdle,3,0.00172,19607,11.23932,174450
2131,Sam123ben,3,0.00172,19610,11.24104,174450
2132,samdgoyal123,3,0.00172,19613,11.24276,174450
2133,samdulam,3,0.00172,19616,11.24448,174450
2134,SathishMSFT,3,0.00172,19619,11.24620,174450
2135,satishkumar678122,3,0.00172,19622,11.24792,174450
2136,sawyerwu,3,0.00172,19625,11.24964,174450
2137,sayaoailun,3,0.00172,19628,11.25136,174450
2138,sbellan,3,0.00172,19631,11.25308,174450
2139,sbhnet,3,0.00172,19634,11.25480,174450
2140,sdwerwed,3,0.00172,19637,11.25652,174450
2141,seamusabshere,3,0.00172,19640,11.25824,174450
2142,seanmcconkey,3,0.00172,19643,11.25996,174450
2143,secret104278,3,0.00172,19646,11.26168,174450
2144,seizadi,3,0.00172,19649,11.26340,174450
2145,servo1x,3,0.00172,19652,11.26512,174450
2146,Sh1710,3,0.00172,19655,11.26684,174450
2147,shanagud,3,0.00172,19658,11.26856,174450
2148,shankgan,3,0.00172,19661,11.27028,174450
2149,shapeofarchitect,3,0.00172,19664,11.27200,174450
2150,sharath94z,3,0.00172,19667,11.27372,174450
2151,sharoncr1,3,0.00172,19670,11.27544,174450
2152,sharvii,3,0.00172,19673,11.27716,174450
2153,shreyasHpandya,3,0.00172,19676,11.27888,174450
2154,shuu05,3,0.00172,19679,11.28060,174450
2155,siadat,3,0.00172,19682,11.28232,174450
2156,simingweng,3,0.00172,19685,11.28404,174450
2157,sirkkalap,3,0.00172,19688,11.28576,174450
2158,skogta,3,0.00172,19691,11.28747,174450
2159,smacdav,3,0.00172,19694,11.28919,174450
2160,smuramshetty,3,0.00172,19697,11.29091,174450
2161,sober-wang,3,0.00172,19700,11.29263,174450
2162,solidaeon,3,0.00172,19703,11.29435,174450
2163,somdoron,3,0.00172,19706,11.29607,174450
2164,sp0cket,3,0.00172,19709,11.29779,174450
2165,sreejith421,3,0.00172,19712,11.29951,174450
2166,srinathganesh1,3,0.00172,19715,11.30123,174450
2167,srinvasdevop,3,0.00172,19718,11.30295,174450
2168,ssen13,3,0.00172,19721,11.30467,174450
2169,sshishov,3,0.00172,19724,11.30639,174450
2170,steffakasid,3,0.00172,19727,11.30811,174450
2171,stephen304,3,0.00172,19730,11.30983,174450
2172,stuart-mclaren-hpe,3,0.00172,19733,11.31155,174450
2173,Sudharma-Puranik-TomTom,3,0.00172,19736,11.31327,174450
2174,sushmita-amarnath,3,0.00172,19739,11.31499,174450
2175,svaranasi-traderev,3,0.00172,19742,11.31671,174450
2176,swrap,3,0.00172,19745,11.31843,174450
2177,szwed,3,0.00172,19748,11.32015,174450
2178,T0MASD,3,0.00172,19751,11.32187,174450
2179,taisph,3,0.00172,19754,11.32359,174450
2180,taisyo7333,3,0.00172,19757,11.32531,174450
2181,tak-matroid,3,0.00172,19760,11.32703,174450
2182,TalZiv,3,0.00172,19763,11.32875,174450
2183,Tarang,3,0.00172,19766,11.33047,174450
2184,tausq,3,0.00172,19769,11.33219,174450
2185,tavin,3,0.00172,19772,11.33391,174450
2186,Tayjahney,3,0.00172,19775,11.33563,174450
2187,tdsan,3,0.00172,19778,11.33735,174450
2188,terzonstefano,3,0.00172,19781,11.33907,174450
2189,theAkito,3,0.00172,19784,11.34079,174450
2190,ThePrincelle,3,0.00172,19787,11.34251,174450
2191,thinpark,3,0.00172,19790,11.34422,174450
2192,thucnd55,3,0.00172,19793,11.34594,174450
2193,thulasikumar729,3,0.00172,19796,11.34766,174450
2194,tide34,3,0.00172,19799,11.34938,174450
2195,tiloso,3,0.00172,19802,11.35110,174450
2196,toadjaune,3,0.00172,19805,11.35282,174450
2197,Toasterson,3,0.00172,19808,11.35454,174450
2198,tobias-zeptio,3,0.00172,19811,11.35626,174450
2199,tombokombo,3,0.00172,19814,11.35798,174450
2200,TomLan42,3,0.00172,19817,11.35970,174450
2201,toneill818,3,0.00172,19820,11.36142,174450
2202,Tony-A-Michailidis,3,0.00172,19823,11.36314,174450
2203,TonyDou,3,0.00172,19826,11.36486,174450
2204,tonyjchong,3,0.00172,19829,11.36658,174450
2205,ToonvanStrijp,3,0.00172,19832,11.36830,174450
2206,toytown,3,0.00172,19835,11.37002,174450
2207,traitor6789,3,0.00172,19838,11.37174,174450
2208,troodes,3,0.00172,19841,11.37346,174450
2209,trust56,3,0.00172,19844,11.37518,174450
2210,tsubasaxZZZ,3,0.00172,19847,11.37690,174450
2211,ttrumm,3,0.00172,19850,11.37862,174450
2212,tuananh170489,3,0.00172,19853,11.38034,174450
2213,tuxiem,3,0.00172,19856,11.38206,174450
2214,ufoproger,3,0.00172,19859,11.38378,174450
2215,Unichron,3,0.00172,19862,11.38550,174450
2216,useiichi,3,0.00172,19865,11.38722,174450
2217,valouille,3,0.00172,19868,11.38894,174450
2218,varkey,3,0.00172,19871,11.39066,174450
2219,vassilvk,3,0.00172,19874,11.39238,174450
2220,VasylSamoilov,3,0.00172,19877,11.39410,174450
2221,vbottu,3,0.00172,19880,11.39582,174450
2222,Vedrillan,3,0.00172,19883,11.39754,174450
2223,vgokul984,3,0.00172,19886,11.39925,174450
2224,vijayakumarbathini,3,0.00172,19889,11.40097,174450
2225,VijayRod,3,0.00172,19892,11.40269,174450
2226,vikaskoppineedi,3,0.00172,19895,11.40441,174450
2227,viktoriaas,3,0.00172,19898,11.40613,174450
2228,villasenor,3,0.00172,19901,11.40785,174450
2229,viorelflorian,3,0.00172,19904,11.40957,174450
2230,vladimirfx,3,0.00172,19907,11.41129,174450
2231,vpsvpnvip,3,0.00172,19910,11.41301,174450
2232,vscripcaru,3,0.00172,19913,11.41473,174450
2233,vyom-soft,3,0.00172,19916,11.41645,174450
2234,waisbrot,3,0.00172,19919,11.41817,174450
2235,waro163,3,0.00172,19922,11.41989,174450
2236,wasosa,3,0.00172,19925,11.42161,174450
2237,wcjohnson,3,0.00172,19928,11.42333,174450
2238,weflee,3,0.00172,19931,11.42505,174450
2239,weishiuchang,3,0.00172,19934,11.42677,174450
2240,Wenhao-Xu,3,0.00172,19937,11.42849,174450
2241,whatthefrog,3,0.00172,19940,11.43021,174450
2242,whillas,3,0.00172,19943,11.43193,174450
2243,white-hat,3,0.00172,19946,11.43365,174450
2244,whuang8,3,0.00172,19949,11.43537,174450
2245,WillNilges,3,0.00172,19952,11.43709,174450
2246,wknapik,3,0.00172,19955,11.43881,174450
2247,woloss,3,0.00172,19958,11.44053,174450
2248,wrbbz,3,0.00172,19961,11.44225,174450
2249,wshelley,3,0.00172,19964,11.44397,174450
2250,wukong1992,3,0.00172,19967,11.44569,174450
2251,xilu0,3,0.00172,19970,11.44741,174450
2252,ximenzaoshi,3,0.00172,19973,11.44913,174450
2253,XinruZhang,3,0.00172,19976,11.45085,174450
2254,xuecanlong,3,0.00172,19979,11.45257,174450
2255,xunchangguo,3,0.00172,19982,11.45428,174450
2256,xxxbobrxxx,3,0.00172,19985,11.45600,174450
2257,Xyders,3,0.00172,19988,11.45772,174450
2258,yahorse,3,0.00172,19991,11.45944,174450
2259,yannalf,3,0.00172,19994,11.46116,174450
2260,yashcho,3,0.00172,19997,11.46288,174450
2261,yli186,3,0.00172,20000,11.46460,174450
2262,youzipi,3,0.00172,20003,11.46632,174450
2263,ysam12345,3,0.00172,20006,11.46804,174450
2264,yuanyiran,3,0.00172,20009,11.46976,174450
2265,yueliang9527,3,0.00172,20012,11.47148,174450
2266,yuqitao,3,0.00172,20015,11.47320,174450
2267,yushanjin,3,0.00172,20018,11.47492,174450
2268,yuta1979,3,0.00172,20021,11.47664,174450
2269,yves-vogl,3,0.00172,20024,11.47836,174450
2270,zacheryph,3,0.00172,20027,11.48008,174450
2271,zaf187,3,0.00172,20030,11.48180,174450
2272,zapman449,3,0.00172,20033,11.48352,174450
2273,zebralight,3,0.00172,20036,11.48524,174450
2274,zhamdoctor,3,0.00172,20039,11.48696,174450
2275,zhangleijie,3,0.00172,20042,11.48868,174450
2276,zhujik,3,0.00172,20045,11.49040,174450
2277,zmarano,3,0.00172,20048,11.49212,174450
2278,zoetrope,3,0.00172,20051,11.49384,174450
2279,zwindler,3,0.00172,20054,11.49556,174450
2280,zzbmmbzz,3,0.00172,20057,11.49728,174450
2281,0gajun,2,0.00115,20059,11.49842,174450
2282,0xdabbad00,2,0.00115,20061,11.49957,174450
2283,1053611385,2,0.00115,20063,11.50072,174450
2284,14032,2,0.00115,20065,11.50186,174450
2285,21ki,2,0.00115,20067,11.50301,174450
2286,2fst4u,2,0.00115,20069,11.50416,174450
2287,4c74356b41,2,0.00115,20071,11.50530,174450
2288,4pits,2,0.00115,20073,11.50645,174450
2289,6aKa,2,0.00115,20075,11.50760,174450
2290,9kranti,2,0.00115,20077,11.50874,174450
2291,aauren,2,0.00115,20079,11.50989,174450
2292,abarbare,2,0.00115,20081,11.51103,174450
2293,abatilo,2,0.00115,20083,11.51218,174450
2294,abierbaum,2,0.00115,20085,11.51333,174450
2295,abowloflrf,2,0.00115,20087,11.51447,174450
2296,abuehaze,2,0.00115,20089,11.51562,174450
2297,acabrele,2,0.00115,20091,11.51677,174450
2298,acesaro,2,0.00115,20093,11.51791,174450
2299,adam-thg,2,0.00115,20095,11.51906,174450
2300,adeleglise,2,0.00115,20097,11.52021,174450
2301,adityakumar48,2,0.00115,20099,11.52135,174450
2302,adityats2020,2,0.00115,20101,11.52250,174450
2303,admilazz,2,0.00115,20103,11.52365,174450
2304,adnan-kamili,2,0.00115,20105,11.52479,174450
2305,adriananeci,2,0.00115,20107,11.52594,174450
2306,adrian-gierakowski,2,0.00115,20109,11.52709,174450
2307,AEGQ,2,0.00115,20111,11.52823,174450
2308,aendeavor,2,0.00115,20113,11.52938,174450
2309,agarwal-mudit,2,0.00115,20115,11.53052,174450
2310,agracey,2,0.00115,20117,11.53167,174450
2311,aianus,2,0.00115,20119,11.53282,174450
2312,aiNeu0taip9ue,2,0.00115,20121,11.53396,174450
2313,ajayanaj,2,0.00115,20123,11.53511,174450
2314,A-Kamaee,2,0.00115,20125,11.53626,174450
2315,akcrisp,2,0.00115,20127,11.53740,174450
2316,akshatgit,2,0.00115,20129,11.53855,174450
2317,Akshay123455667,2,0.00115,20131,11.53970,174450
2318,alanmoment,2,0.00115,20133,11.54084,174450
2319,alb-dev,2,0.00115,20135,11.54199,174450
2320,aLekSer,2,0.00115,20137,11.54314,174450
2321,alex-klimov,2,0.00115,20139,11.54428,174450
2322,aloisio31,2,0.00115,20141,11.54543,174450
2323,AlvinRamoutar,2,0.00115,20143,11.54657,174450
2324,amalagaura,2,0.00115,20145,11.54772,174450
2325,AmanMishra1321,2,0.00115,20147,11.54887,174450
2326,ameir,2,0.00115,20149,11.55001,174450
2327,AmitBenAmi,2,0.00115,20151,11.55116,174450
2328,AMoghrabi,2,0.00115,20153,11.55231,174450
2329,anabih,2,0.00115,20155,11.55345,174450
2330,AndreiBamboi,2,0.00115,20157,11.55460,174450
2331,AndRemiller6,2,0.00115,20159,11.55575,174450
2332,andresb39,2,0.00115,20161,11.55689,174450
2333,AndrewDryga,2,0.00115,20163,11.55804,174450
2334,AndrewPanov,2,0.00115,20165,11.55919,174450
2335,anmol,2,0.00115,20167,11.56033,174450
2336,anosmhazo,2,0.00115,20169,11.56148,174450
2337,Anticom,2,0.00115,20171,11.56263,174450
2338,antkit,2,0.00115,20173,11.56377,174450
2339,anto-n,2,0.00115,20175,11.56492,174450
2340,anuanju89,2,0.00115,20177,11.56606,174450
2341,anz-ecp,2,0.00115,20179,11.56721,174450
2342,apratina,2,0.00115,20181,11.56836,174450
2343,aqualovers,2,0.00115,20183,11.56950,174450
2344,arashbi,2,0.00115,20185,11.57065,174450
2345,arash-bizcover,2,0.00115,20187,11.57180,174450
2346,aravindsaravanan,2,0.00115,20189,11.57294,174450
2347,archi13,2,0.00115,20191,11.57409,174450
2348,arctica,2,0.00115,20193,11.57524,174450
2349,arjunkendr-e,2,0.00115,20195,11.57638,174450
2350,arkastratuscent,2,0.00115,20197,11.57753,174450
2351,arnovl-kul,2,0.00115,20199,11.57868,174450
2352,arviCV,2,0.00115,20201,11.57982,174450
2353,arvind1976,2,0.00115,20203,11.58097,174450
2354,asafo,2,0.00115,20205,11.58212,174450
2355,asgoel,2,0.00115,20207,11.58326,174450
2356,Ashish12106,2,0.00115,20209,11.58441,174450
2357,asobti,2,0.00115,20211,11.58555,174450
2358,asulaiman,2,0.00115,20213,11.58670,174450
2359,atantawi,2,0.00115,20215,11.58785,174450
2360,atzawada,2,0.00115,20217,11.58899,174450
2361,avestuk,2,0.00115,20219,11.59014,174450
2362,aviorma,2,0.00115,20221,11.59129,174450
2363,avr1254,2,0.00115,20223,11.59243,174450
2364,axel-sirota,2,0.00115,20225,11.59358,174450
2365,axiqia,2,0.00115,20227,11.59473,174450
2366,aychang95,2,0.00115,20229,11.59587,174450
2367,ayousef1,2,0.00115,20231,11.59702,174450
2368,ayush9000,2,0.00115,20233,11.59817,174450
2369,azalio,2,0.00115,20235,11.59931,174450
2370,bac-w,2,0.00115,20237,11.60046,174450
2371,balanceiskey,2,0.00115,20239,11.60161,174450
2372,bartjkdp,2,0.00115,20241,11.60275,174450
2373,barucoh,2,0.00115,20243,11.60390,174450
2374,bastienbc,2,0.00115,20245,11.60504,174450
2375,bazzargh,2,0.00115,20247,11.60619,174450
2376,bb3333bb,2,0.00115,20249,11.60734,174450
2377,bcouetil,2,0.00115,20251,11.60848,174450
2378,bdomars,2,0.00115,20253,11.60963,174450
2379,bdresser,2,0.00115,20255,11.61078,174450
2380,beccabau,2,0.00115,20257,11.61192,174450
2381,beiying-6282,2,0.00115,20259,11.61307,174450
2382,benjaminjb,2,0.00115,20261,11.61422,174450
2383,benraskin92,2,0.00115,20263,11.61536,174450
2384,bentastic27,2,0.00115,20265,11.61651,174450
2385,bergeron,2,0.00115,20267,11.61766,174450
2386,bergmannf,2,0.00115,20269,11.61880,174450
2387,berlin-ab,2,0.00115,20271,11.61995,174450
2388,berndbausch,2,0.00115,20273,11.62109,174450
2389,berndgoetz,2,0.00115,20275,11.62224,174450
2390,bertux,2,0.00115,20277,11.62339,174450
2391,betworks,2,0.00115,20279,11.62453,174450
2392,bh90210,2,0.00115,20281,11.62568,174450
2393,Bhard27,2,0.00115,20283,11.62683,174450
2394,billcchung,2,0.00115,20285,11.62797,174450
2395,BirgerK,2,0.00115,20287,11.62912,174450
2396,bittner,2,0.00115,20289,11.63027,174450
2397,bkahlerventer,2,0.00115,20291,11.63141,174450
2398,blackjackyau,2,0.00115,20293,11.63256,174450
2399,blessedwithsins,2,0.00115,20295,11.63371,174450
2400,blodone,2,0.00115,20297,11.63485,174450
2401,bnied,2,0.00115,20299,11.63600,174450
2402,bodanc,2,0.00115,20301,11.63715,174450
2403,bogdanpetrea,2,0.00115,20303,11.63829,174450
2404,booleanbetrayal,2,0.00115,20305,11.63944,174450
2405,bordeuax,2,0.00115,20307,11.64058,174450
2406,bowang-666,2,0.00115,20309,11.64173,174450
2407,BoxuanChen,2,0.00115,20311,11.64288,174450
2408,bpereto,2,0.00115,20313,11.64402,174450
2409,Br0wnHammer,2,0.00115,20315,11.64517,174450
2410,bradfordcp,2,0.00115,20317,11.64632,174450
2411,bradjones1,2,0.00115,20319,11.64746,174450
2412,brian14708,2,0.00115,20321,11.64861,174450
2413,bth-s3,2,0.00115,20323,11.64976,174450
2414,bugzyz,2,0.00115,20325,11.65090,174450
2415,bycEEE,2,0.00115,20327,11.65205,174450
2416,bznein,2,0.00115,20329,11.65320,174450
2417,C2L2C,2,0.00115,20331,11.65434,174450
2418,CAR6807,2,0.00115,20333,11.65549,174450
2419,carlbraganza,2,0.00115,20335,11.65664,174450
2420,carlosrmfernandes,2,0.00115,20337,11.65778,174450
2421,casey-robertson,2,0.00115,20339,11.65893,174450
2422,caslurjf,2,0.00115,20341,11.66007,174450
2423,cbl,2,0.00115,20343,11.66122,174450
2424,cblackuk,2,0.00115,20345,11.66237,174450
2425,cedricroijakkers,2,0.00115,20347,11.66351,174450
2426,ceteongvanness,2,0.00115,20349,11.66466,174450
2427,cezeno2s,2,0.00115,20351,11.66581,174450
2428,cfecherolle,2,0.00115,20353,11.66695,174450
2429,cforce,2,0.00115,20355,11.66810,174450
2430,ch0mik,2,0.00115,20357,11.66925,174450
2431,ChaosGramer,2,0.00115,20359,11.67039,174450
2432,chaunceyt,2,0.00115,20361,11.67154,174450
2433,cheloitguy,2,0.00115,20363,11.67269,174450
2434,chenfengjin,2,0.00115,20365,11.67383,174450
2435,chengfq5,2,0.00115,20367,11.67498,174450
2436,ChenjunZou,2,0.00115,20369,11.67612,174450
2437,chensun,2,0.00115,20371,11.67727,174450
2438,chenwenjun1995,2,0.00115,20373,11.67842,174450
2439,chenwng,2,0.00115,20375,11.67956,174450
2440,chenxuc,2,0.00115,20377,11.68071,174450
2441,ChoppinBlockParty,2,0.00115,20379,11.68186,174450
2442,christhegrand,2,0.00115,20381,11.68300,174450
2443,christianang,2,0.00115,20383,11.68415,174450
2444,ChrisWeissNike,2,0.00115,20385,11.68530,174450
2445,chriswilliams1977,2,0.00115,20387,11.68644,174450
2446,chuong-dao,2,0.00115,20389,11.68759,174450
2447,ciiiii,2,0.00115,20391,11.68874,174450
2448,cin,2,0.00115,20393,11.68988,174450
2449,cjroebuck,2,0.00115,20395,11.69103,174450
2450,ckeragala,2,0.00115,20397,11.69218,174450
2451,ckranz,2,0.00115,20399,11.69332,174450
2452,clayvan,2,0.00115,20401,11.69447,174450
2453,CLFlemon,2,0.00115,20403,11.69561,174450
2454,cloudengineers,2,0.00115,20405,11.69676,174450
2455,CLS-CLS,2,0.00115,20407,11.69791,174450
2456,cmars,2,0.00115,20409,11.69905,174450
2457,cmillani,2,0.00115,20411,11.70020,174450
2458,CN317910,2,0.00115,20413,11.70135,174450
2459,cncal,2,0.00115,20415,11.70249,174450
2460,coders-i,2,0.00115,20417,11.70364,174450
2461,CooperLi,2,0.00115,20419,11.70479,174450
2462,CostelLupoaie,2,0.00115,20421,11.70593,174450
2463,coufalja,2,0.00115,20423,11.70708,174450
2464,cphl,2,0.00115,20425,11.70823,174450
2465,cppforlife,2,0.00115,20427,11.70937,174450
2466,crak-mmarcoux,2,0.00115,20429,11.71052,174450
2467,crawforde,2,0.00115,20431,11.71167,174450
2468,cseifert-betterdoc,2,0.00115,20433,11.71281,174450
2469,d0x1g0x1,2,0.00115,20435,11.71396,174450
2470,DaDummy,2,0.00115,20437,11.71510,174450
2471,daganida88,2,0.00115,20439,11.71625,174450
2472,dagorka,2,0.00115,20441,11.71740,174450
2473,daikikatsuragawa,2,0.00115,20443,11.71854,174450
2474,daisuke0131,2,0.00115,20445,11.71969,174450
2475,dalefwillis,2,0.00115,20447,11.72084,174450
2476,danc,2,0.00115,20449,11.72198,174450
2477,danielsand,2,0.00115,20451,11.72313,174450
2478,danielzhanghl,2,0.00115,20453,11.72428,174450
2479,DanSotirakisUol,2,0.00115,20455,11.72542,174450
2480,danylohetmantsev,2,0.00115,20457,11.72657,174450
2481,dariagrudzien,2,0.00115,20459,11.72772,174450
2482,darlenya,2,0.00115,20461,11.72886,174450
2483,darrenfurr,2,0.00115,20463,11.73001,174450
2484,datavisorerzuozhou,2,0.00115,20465,11.73116,174450
2485,dave93cab,2,0.00115,20467,11.73230,174450
2486,DavidCsaki,2,0.00115,20469,11.73345,174450
2487,daviddyball,2,0.00115,20471,11.73459,174450
2488,david-freistrom,2,0.00115,20473,11.73574,174450
2489,davidknezic,2,0.00115,20475,11.73689,174450
2490,david-rozsa,2,0.00115,20477,11.73803,174450
2491,davidsbond,2,0.00115,20479,11.73918,174450
2492,davidshen84,2,0.00115,20481,11.74033,174450
2493,dds-pwr,2,0.00115,20483,11.74147,174450
2494,dec14,2,0.00115,20485,11.74262,174450
2495,dekkers,2,0.00115,20487,11.74377,174450
2496,deltachonglee81,2,0.00115,20489,11.74491,174450
2497,demiangmz,2,0.00115,20491,11.74606,174450
2498,dengyongfu,2,0.00115,20493,11.74721,174450
2499,Denissa89,2,0.00115,20495,11.74835,174450
2500,detro,2,0.00115,20497,11.74950,174450
2501,dev-e,2,0.00115,20499,11.75064,174450
2502,developewang,2,0.00115,20501,11.75179,174450
2503,devniel,2,0.00115,20503,11.75294,174450
2504,DevOpserzhao,2,0.00115,20505,11.75408,174450
2505,devopslearner2020,2,0.00115,20507,11.75523,174450
2506,Devying,2,0.00115,20509,11.75638,174450
2507,dexterhu,2,0.00115,20511,11.75752,174450
2508,dhcn,2,0.00115,20513,11.75867,174450
2509,dhirencsharma,2,0.00115,20515,11.75982,174450
2510,dhruvilshah3,2,0.00115,20517,11.76096,174450
2511,diazan791,2,0.00115,20519,11.76211,174450
2512,Dinesh-Balakrishnan,2,0.00115,20521,11.76326,174450
2513,dineshreddychittamuri,2,0.00115,20523,11.76440,174450
2514,divolgin,2,0.00115,20525,11.76555,174450
2515,djerraballi,2,0.00115,20527,11.76670,174450
2516,dkatipamula,2,0.00115,20529,11.76784,174450
2517,dkistner,2,0.00115,20531,11.76899,174450
2518,dkrieger,2,0.00115,20533,11.77013,174450
2519,dkwakkel,2,0.00115,20535,11.77128,174450
2520,dlandtwing,2,0.00115,20537,11.77243,174450
2521,dlunch,2,0.00115,20539,11.77357,174450
2522,dmxlsj,2,0.00115,20541,11.77472,174450
2523,DolceTriade,2,0.00115,20543,11.77587,174450
2524,donkeyDau,2,0.00115,20545,11.77701,174450
2525,doryanmzr,2,0.00115,20547,11.77816,174450
2526,dotbalo,2,0.00115,20549,11.77931,174450
2527,Doude,2,0.00115,20551,11.78045,174450
2528,dpolicastro,2,0.00115,20553,11.78160,174450
2529,dprateek1991,2,0.00115,20555,11.78275,174450
2530,dragoneena12,2,0.00115,20557,11.78389,174450
2531,drewbitt,2,0.00115,20559,11.78504,174450
2532,Drugoy,2,0.00115,20561,11.78619,174450
2533,dsb3,2,0.00115,20563,11.78733,174450
2534,dschmo,2,0.00115,20565,11.78848,174450
2535,dupatel000,2,0.00115,20567,11.78962,174450
2536,ebdxflr,2,0.00115,20569,11.79077,174450
2537,ecktom,2,0.00115,20571,11.79192,174450
2538,ecourtial,2,0.00115,20573,11.79306,174450
2539,edijsdrezovs,2,0.00115,20575,11.79421,174450
2540,eero-t,2,0.00115,20577,11.79536,174450
2541,efotopoulou,2,0.00115,20579,11.79650,174450
2542,ehafidi,2,0.00115,20581,11.79765,174450
2543,ekunnikov,2,0.00115,20583,11.79880,174450
2544,elad-da,2,0.00115,20585,11.79994,174450
2545,elanv,2,0.00115,20587,11.80109,174450
2546,elavenrac,2,0.00115,20589,11.80224,174450
2547,electrical,2,0.00115,20591,11.80338,174450
2548,elijahomolo,2,0.00115,20593,11.80453,174450
2549,elijah-roberts,2,0.00115,20595,11.80567,174450
2550,ELTEGANI,2,0.00115,20597,11.80682,174450
2551,EmanElsaban,2,0.00115,20599,11.80797,174450
2552,enyinna1234,2,0.00115,20601,11.80911,174450
2553,epicfaace,2,0.00115,20603,11.81026,174450
2554,EraYaN,2,0.00115,20605,11.81141,174450
2555,ericlarssen-wf,2,0.00115,20607,11.81255,174450
2556,ericrrath,2,0.00115,20609,11.81370,174450
2557,ernestas2k,2,0.00115,20611,11.81485,174450
2558,esentai8,2,0.00115,20613,11.81599,174450
2559,EthanSedgwick,2,0.00115,20615,11.81714,174450
2560,evanap,2,0.00115,20617,11.81829,174450
2561,EvansFW,2,0.00115,20619,11.81943,174450
2562,evgmoskalenko,2,0.00115,20621,11.82058,174450
2563,fabiorauber,2,0.00115,20623,11.82173,174450
2564,fabquenneville,2,0.00115,20625,11.82287,174450
2565,facchettos,2,0.00115,20627,11.82402,174450
2566,fadhilyori,2,0.00115,20629,11.82516,174450
2567,falzm,2,0.00115,20631,11.82631,174450
2568,fangedhex,2,0.00115,20633,11.82746,174450
2569,farodin91,2,0.00115,20635,11.82860,174450
2570,fcantournet,2,0.00115,20637,11.82975,174450
2571,fengerzh,2,0.00115,20639,11.83090,174450
2572,fgcgithub,2,0.00115,20641,11.83204,174450
2573,fimbulvetr,2,0.00115,20643,11.83319,174450
2574,fjcloud,2,0.00115,20645,11.83434,174450
2575,FL3SH,2,0.00115,20647,11.83548,174450
2576,fle108,2,0.00115,20649,11.83663,174450
2577,flyte,2,0.00115,20651,11.83778,174450
2578,fOO223Fr,2,0.00115,20653,11.83892,174450
2579,foobaar,2,0.00115,20655,11.84007,174450
2580,freegroup,2,0.00115,20657,11.84122,174450
2581,FreeGuwop,2,0.00115,20659,11.84236,174450
2582,freget,2,0.00115,20661,11.84351,174450
2583,frelon,2,0.00115,20663,11.84465,174450
2584,fwt11,2,0.00115,20665,11.84580,174450
2585,g5li,2,0.00115,20667,11.84695,174450
2586,g9rga,2,0.00115,20669,11.84809,174450
2587,gabegorelick,2,0.00115,20671,11.84924,174450
2588,gabrielcalderon,2,0.00115,20673,11.85039,174450
2589,gangyi89,2,0.00115,20675,11.85153,174450
2590,gaobinzhan,2,0.00115,20677,11.85268,174450
2591,gaosong030431207,2,0.00115,20679,11.85383,174450
2592,Gaploid,2,0.00115,20681,11.85497,174450
2593,garimakemwal,2,0.00115,20683,11.85612,174450
2594,garrit-schroeder,2,0.00115,20685,11.85727,174450
2595,gattytto,2,0.00115,20687,11.85841,174450
2596,gautamrabinraj,2,0.00115,20689,11.85956,174450
2597,gavinshark,2,0.00115,20691,11.86071,174450
2598,ge79so,2,0.00115,20693,11.86185,174450
2599,gietschess,2,0.00115,20695,11.86300,174450
2600,gigi-at-zymergen,2,0.00115,20697,11.86414,174450
2601,Gikkman,2,0.00115,20699,11.86529,174450
2602,gilemagigi,2,0.00115,20701,11.86644,174450
2603,ginni-gidwani,2,0.00115,20703,11.86758,174450
2604,gireeshpunathil,2,0.00115,20705,11.86873,174450
2605,githubbot-eric,2,0.00115,20707,11.86988,174450
2606,git-kote,2,0.00115,20709,11.87102,174450
2607,glenjamin,2,0.00115,20711,11.87217,174450
2608,gmrodgers,2,0.00115,20713,11.87332,174450
2609,GodGirlwsy,2,0.00115,20715,11.87446,174450
2610,gogolok,2,0.00115,20717,11.87561,174450
2611,goodspark,2,0.00115,20719,11.87676,174450
2612,gorkem,2,0.00115,20721,11.87790,174450
2613,gp42,2,0.00115,20723,11.87905,174450
2614,Grounz,2,0.00115,20725,11.88019,174450
2615,grv-trip,2,0.00115,20727,11.88134,174450
2616,gturbat,2,0.00115,20729,11.88249,174450
2617,guojingcheng,2,0.00115,20731,11.88363,174450
2618,guptamahcl,2,0.00115,20733,11.88478,174450
2619,gzlj,2,0.00115,20735,11.88593,174450
2620,gzur,2,0.00115,20737,11.88707,174450
2621,H3rman8,2,0.00115,20739,11.88822,174450
2622,haiwfu,2,0.00115,20741,11.88937,174450
2623,hakengineer,2,0.00115,20743,11.89051,174450
2624,hanjx27,2,0.00115,20745,11.89166,174450
2625,HappyCerberus,2,0.00115,20747,11.89281,174450
2626,harishp8889,2,0.00115,20749,11.89395,174450
2627,harsh4870,2,0.00115,20751,11.89510,174450
2628,hasan4791,2,0.00115,20753,11.89625,174450
2629,Helithumper,2,0.00115,20755,11.89739,174450
2630,hellogdc,2,0.00115,20757,11.89854,174450
2631,HemantNegi,2,0.00115,20759,11.89968,174450
2632,HerbertDuan15,2,0.00115,20761,11.90083,174450
2633,herrsergio,2,0.00115,20763,11.90198,174450
2634,herrywen-nanj,2,0.00115,20765,11.90312,174450
2635,hetii,2,0.00115,20767,11.90427,174450
2636,heyf,2,0.00115,20769,11.90542,174450
2637,hhamalai,2,0.00115,20771,11.90656,174450
2638,hillbilly-mark,2,0.00115,20773,11.90771,174450
2639,hiraken-w,2,0.00115,20775,11.90886,174450
2640,hiroyuki-kamei,2,0.00115,20777,11.91000,174450
2641,H-Kz,2,0.00115,20779,11.91115,174450
2642,hnts,2,0.00115,20781,11.91230,174450
2643,hoantv,2,0.00115,20783,11.91344,174450
2644,hobbytp,2,0.00115,20785,11.91459,174450
2645,HollowMan6,2,0.00115,20787,11.91574,174450
2646,hongkongkiwi,2,0.00115,20789,11.91688,174450
2647,hopper-signifyd,2,0.00115,20791,11.91803,174450
2648,hoyho,2,0.00115,20793,11.91917,174450
2649,Humbertzhang,2,0.00115,20795,11.92032,174450
2650,Humza277,2,0.00115,20797,11.92147,174450
2651,hydave25,2,0.00115,20799,11.92261,174450
2652,hydrapolic,2,0.00115,20801,11.92376,174450
2653,hyt05,2,0.00115,20803,11.92491,174450
2654,hyunjun529,2,0.00115,20805,11.92605,174450
2655,iaas365-dev,2,0.00115,20807,11.92720,174450
2656,iam-veeramalla,2,0.00115,20809,11.92835,174450
2657,ianvari,2,0.00115,20811,11.92949,174450
2658,icarmon,2,0.00115,20813,11.93064,174450
2659,IdanAdar,2,0.00115,20815,11.93179,174450
2660,igor-nikiforov,2,0.00115,20817,11.93293,174450
2661,ihgann,2,0.00115,20819,11.93408,174450
2662,ilya-korotya,2,0.00115,20821,11.93522,174450
2663,inosato,2,0.00115,20823,11.93637,174450
2664,int3l,2,0.00115,20825,11.93752,174450
2665,invliD,2,0.00115,20827,11.93866,174450
2666,ipince,2,0.00115,20829,11.93981,174450
2667,ipochi,2,0.00115,20831,11.94096,174450
2668,irajdip99,2,0.00115,20833,11.94210,174450
2669,ironhalik,2,0.00115,20835,11.94325,174450
2670,ischenkomari,2,0.00115,20837,11.94440,174450
2671,itarch,2,0.00115,20839,11.94554,174450
2672,itbj,2,0.00115,20841,11.94669,174450
2673,itised,2,0.00115,20843,11.94784,174450
2674,itsecforu,2,0.00115,20845,11.94898,174450
2675,ivanfoo,2,0.00115,20847,11.95013,174450
2676,izeye,2,0.00115,20849,11.95128,174450
2677,izhilenkov,2,0.00115,20851,11.95242,174450
2678,jabdoa2,2,0.00115,20853,11.95357,174450
2679,JackieWu1219,2,0.00115,20855,11.95471,174450
2680,jacky68147527,2,0.00115,20857,11.95586,174450
2681,jackzzj,2,0.00115,20859,11.95701,174450
2682,Jaggle,2,0.00115,20861,11.95815,174450
2683,Jainbrt,2,0.00115,20863,11.95930,174450
2684,jamesmoriarty,2,0.00115,20865,11.96045,174450
2685,jamesstow,2,0.00115,20867,11.96159,174450
2686,Jamlee,2,0.00115,20869,11.96274,174450
2687,Jan-M,2,0.00115,20871,11.96389,174450
2688,japzio,2,0.00115,20873,11.96503,174450
2689,jasongol,2,0.00115,20875,11.96618,174450
2690,jaurestchoffo,2,0.00115,20877,11.96733,174450
2691,Jayaram059,2,0.00115,20879,11.96847,174450
2692,jayendra13,2,0.00115,20881,11.96962,174450
2693,jaypoulz,2,0.00115,20883,11.97077,174450
2694,JayselDC,2,0.00115,20885,11.97191,174450
2695,jconway,2,0.00115,20887,11.97306,174450
2696,jdamata,2,0.00115,20889,11.97420,174450
2697,jddcarreira,2,0.00115,20891,11.97535,174450
2698,jdmaguire,2,0.00115,20893,11.97650,174450
2699,jeanfabrice,2,0.00115,20895,11.97764,174450
2700,jeanluclariviere,2,0.00115,20897,11.97879,174450
2701,jederfreitas,2,0.00115,20899,11.97994,174450
2702,jellevanhees,2,0.00115,20901,11.98108,174450
2703,JeroennC,2,0.00115,20903,11.98223,174450
2704,jg-26,2,0.00115,20905,11.98338,174450
2705,jgato,2,0.00115,20907,11.98452,174450
2706,jhgoodwin,2,0.00115,20909,11.98567,174450
2707,jiafujiang,2,0.00115,20911,11.98682,174450
2708,Jiajing-Hu,2,0.00115,20913,11.98796,174450
2709,jicki,2,0.00115,20915,11.98911,174450
2710,JimLarson,2,0.00115,20917,11.99026,174450
2711,JimmyMaksymiw,2,0.00115,20919,11.99140,174450
2712,jkirkham-ratehub,2,0.00115,20921,11.99255,174450
2713,jlarriba,2,0.00115,20923,11.99369,174450
2714,jmbeach,2,0.00115,20925,11.99484,174450
2715,jmcdonagh,2,0.00115,20927,11.99599,174450
2716,jmf0526,2,0.00115,20929,11.99713,174450
2717,JoelBCarter,2,0.00115,20931,11.99828,174450
2718,johan1252,2,0.00115,20933,11.99943,174450
2719,john-auld,2,0.00115,20935,12.00057,174450
2720,johnlane,2,0.00115,20937,12.00172,174450
2721,johnnylei,2,0.00115,20939,12.00287,174450
2722,johnreytanquinco,2,0.00115,20941,12.00401,174450
2723,JohnRusk,2,0.00115,20943,12.00516,174450
2724,jojijohn,2,0.00115,20945,12.00631,174450
2725,Jojoooo1,2,0.00115,20947,12.00745,174450
2726,JoKeR-88,2,0.00115,20949,12.00860,174450
2727,joohee,2,0.00115,20951,12.00974,174450
2728,jordan-huangwei,2,0.00115,20953,12.01089,174450
2729,JoshSinghEscreen,2,0.00115,20955,12.01204,174450
2730,JoshuaSmeda,2,0.00115,20957,12.01318,174450
2731,jpdoria,2,0.00115,20959,12.01433,174450
2732,jpepin,2,0.00115,20961,12.01548,174450
2733,jqx306,2,0.00115,20963,12.01662,174450
2734,jradtilbrook,2,0.00115,20965,12.01777,174450
2735,JRaver,2,0.00115,20967,12.01892,174450
2736,jrtcppv,2,0.00115,20969,12.02006,174450
2737,jstachowiak,2,0.00115,20971,12.02121,174450
2738,jtzwu,2,0.00115,20973,12.02236,174450
2739,judgeaxl,2,0.00115,20975,12.02350,174450
2740,JulianHBuecher,2,0.00115,20977,12.02465,174450
2741,julianKatz,2,0.00115,20979,12.02580,174450
2742,juliantaylor,2,0.00115,20981,12.02694,174450
2743,julyclyde,2,0.00115,20983,12.02809,174450
2744,junsaw,2,0.00115,20985,12.02923,174450
2745,JustDoItSascha,2,0.00115,20987,12.03038,174450
2746,k2ibegin,2,0.00115,20989,12.03153,174450
2747,Kaggggggga,2,0.00115,20991,12.03267,174450
2748,kailinwei,2,0.00115,20993,12.03382,174450
2749,kalyan123i,2,0.00115,20995,12.03497,174450
2750,KamranShahid,2,0.00115,20997,12.03611,174450
2751,kardithSingh,2,0.00115,20999,12.03726,174450
2752,karimsa,2,0.00115,21001,12.03841,174450
2753,karolinepauls,2,0.00115,21003,12.03955,174450
2754,KarthikRangaraju,2,0.00115,21005,12.04070,174450
2755,kazysgurskas,2,0.00115,21007,12.04185,174450
2756,kbfu,2,0.00115,21009,12.04299,174450
2757,kclinden,2,0.00115,21011,12.04414,174450
2758,kdraper69,2,0.00115,21013,12.04529,174450
2759,keifgwinn,2,0.00115,21015,12.04643,174450
2760,keithnull,2,0.00115,21017,12.04758,174450
2761,kevdowney,2,0.00115,21019,12.04872,174450
2762,kevtheappdev,2,0.00115,21021,12.04987,174450
2763,kevwil,2,0.00115,21023,12.05102,174450
2764,kimormiston,2,0.00115,21025,12.05216,174450
2765,kirkre,2,0.00115,21027,12.05331,174450
2766,kirooshu,2,0.00115,21029,12.05446,174450
2767,kitenko,2,0.00115,21031,12.05560,174450
2768,kjw3,2,0.00115,21033,12.05675,174450
2769,k-kinzal,2,0.00115,21035,12.05790,174450
2770,klebediev,2,0.00115,21037,12.05904,174450
2771,KMFtcy,2,0.00115,21039,12.06019,174450
2772,kmichailg,2,0.00115,21041,12.06134,174450
2773,kmohanram,2,0.00115,21043,12.06248,174450
2774,kochetov-dmitrij,2,0.00115,21045,12.06363,174450
2775,koenvo,2,0.00115,21047,12.06478,174450
2776,KoopaKing,2,0.00115,21049,12.06592,174450
2777,korkin25,2,0.00115,21051,12.06707,174450
2778,korobass,2,0.00115,21053,12.06821,174450
2779,KorvinSzanto,2,0.00115,21055,12.06936,174450
2780,kosehy1,2,0.00115,21057,12.07051,174450
2781,kostrahb,2,0.00115,21059,12.07165,174450
2782,kpe,2,0.00115,21061,12.07280,174450
2783,krish7919,2,0.00115,21063,12.07395,174450
2784,kroka,2,0.00115,21065,12.07509,174450
2785,krzysiekg,2,0.00115,21067,12.07624,174450
2786,kshamajain99,2,0.00115,21069,12.07739,174450
2787,kspviswa,2,0.00115,21071,12.07853,174450
2788,ksummersill2,2,0.00115,21073,12.07968,174450
2789,kujon,2,0.00115,21075,12.08083,174450
2790,kxesd,2,0.00115,21077,12.08197,174450
2791,l1ch40,2,0.00115,21079,12.08312,174450
2792,lainosantos,2,0.00115,21081,12.08426,174450
2793,Lamercho,2,0.00115,21083,12.08541,174450
2794,landreasyan,2,0.00115,21085,12.08656,174450
2795,larrymapacket,2,0.00115,21087,12.08770,174450
2796,larytet,2,0.00115,21089,12.08885,174450
2797,lazystone,2,0.00115,21091,12.09000,174450
2798,lazywhite,2,0.00115,21093,12.09114,174450
2799,ldynia,2,0.00115,21095,12.09229,174450
2800,leiyanggz,2,0.00115,21097,12.09344,174450
2801,Lemmons,2,0.00115,21099,12.09458,174450
2802,lengrongfu,2,0.00115,21101,12.09573,174450
2803,lenhattan86,2,0.00115,21103,12.09688,174450
2804,Leo7654,2,0.00115,21105,12.09802,174450
2805,LeoWenxiang,2,0.00115,21107,12.09917,174450
2806,Lepird,2,0.00115,21109,12.10032,174450
2807,lerminou,2,0.00115,21111,12.10146,174450
2808,LeslieRan,2,0.00115,21113,12.10261,174450
2809,lfzyx,2,0.00115,21115,12.10375,174450
2810,librannk,2,0.00115,21117,12.10490,174450
2811,Limonkufu,2,0.00115,21119,12.10605,174450
2812,linbingdouzhe,2,0.00115,21121,12.10719,174450
2813,lisongmin,2,0.00115,21123,12.10834,174450
2814,little-guy-lxr,2,0.00115,21125,12.10949,174450
2815,liulangwa,2,0.00115,21127,12.11063,174450
2816,liuxin95,2,0.00115,21129,12.11178,174450
2817,liu-xuewen,2,0.00115,21131,12.11293,174450
2818,liuyuan10,2,0.00115,21133,12.11407,174450
2819,lixuehui08,2,0.00115,21135,12.11522,174450
2820,liza-mae,2,0.00115,21137,12.11637,174450
2821,lllamnyp,2,0.00115,21139,12.11751,174450
2822,lmmmml,2,0.00115,21141,12.11866,174450
2823,lordk911,2,0.00115,21143,12.11981,174450
2824,lotharschulz,2,0.00115,21145,12.12095,174450
2825,l-qing,2,0.00115,21147,12.12210,174450
2826,lsc21,2,0.00115,21149,12.12324,174450
2827,lsh0357,2,0.00115,21151,12.12439,174450
2828,L-U-C-K-Y,2,0.00115,21153,12.12554,174450
2829,ludwigbald,2,0.00115,21155,12.12668,174450
2830,Lwxiang,2,0.00115,21157,12.12783,174450
2831,lxgege,2,0.00115,21159,12.12898,174450
2832,LY1806620741,2,0.00115,21161,12.13012,174450
2833,m0freak,2,0.00115,21163,12.13127,174450
2834,m22r,2,0.00115,21165,12.13242,174450
2835,maateen,2,0.00115,21167,12.13356,174450
2836,magixus,2,0.00115,21169,12.13471,174450
2837,magnusja,2,0.00115,21171,12.13586,174450
2838,magthe,2,0.00115,21173,12.13700,174450
2839,Mahesh9000,2,0.00115,21175,12.13815,174450
2840,mak-454,2,0.00115,21177,12.13929,174450
2841,manderson23,2,0.00115,21179,12.14044,174450
2842,manish-eros,2,0.00115,21181,12.14159,174450
2843,marcellbaan-viooh,2,0.00115,21183,12.14273,174450
2844,marcelobrake,2,0.00115,21185,12.14388,174450
2845,marcinwfilewave,2,0.00115,21187,12.14503,174450
2846,marcoacarvalho,2,0.00115,21189,12.14617,174450
2847,marcominetti,2,0.00115,21191,12.14732,174450
2848,marcusthelin,2,0.00115,21193,12.14847,174450
2849,marianopw,2,0.00115,21195,12.14961,174450
2850,MarkAJanney,2,0.00115,21197,12.15076,174450
2851,markvr,2,0.00115,21199,12.15191,174450
2852,marnovo,2,0.00115,21201,12.15305,174450
2853,MartijnZuijd,2,0.00115,21203,12.15420,174450
2854,maryamklabib,2,0.00115,21205,12.15535,174450
2855,mash1t,2,0.00115,21207,12.15649,174450
2856,matanshukry,2,0.00115,21209,12.15764,174450
2857,mateeyow,2,0.00115,21211,12.15878,174450
2858,MatsLP,2,0.00115,21213,12.15993,174450
2859,maxaudron,2,0.00115,21215,12.16108,174450
2860,mbartosi,2,0.00115,21217,12.16222,174450
2861,mbs-c,2,0.00115,21219,12.16337,174450
2862,melissajenner22,2,0.00115,21221,12.16452,174450
2863,memelet,2,0.00115,21223,12.16566,174450
2864,MeNsaaH,2,0.00115,21225,12.16681,174450
2865,MG2R,2,0.00115,21227,12.16796,174450
2866,mgenereu,2,0.00115,21229,12.16910,174450
2867,mic4ael,2,0.00115,21231,12.17025,174450
2868,michael-db,2,0.00115,21233,12.17140,174450
2869,michaelstoica,2,0.00115,21235,12.17254,174450
2870,MichaelWasher,2,0.00115,21237,12.17369,174450
2871,michalpacholczyk,2,0.00115,21239,12.17484,174450
2872,michazt,2,0.00115,21241,12.17598,174450
2873,michelgokan,2,0.00115,21243,12.17713,174450
2874,mikador,2,0.00115,21245,12.17827,174450
2875,mikesplainsonos,2,0.00115,21247,12.17942,174450
2876,milieu,2,0.00115,21249,12.18057,174450
2877,millermatt,2,0.00115,21251,12.18171,174450
2878,MiniJerome,2,0.00115,21253,12.18286,174450
2879,misbah9105,2,0.00115,21255,12.18401,174450
2880,missingcharacter,2,0.00115,21257,12.18515,174450
2881,mitsos1os,2,0.00115,21259,12.18630,174450
2882,mixecan,2,0.00115,21261,12.18745,174450
2883,mjovanovic0,2,0.00115,21263,12.18859,174450
2884,mjwilkerson-strateos,2,0.00115,21265,12.18974,174450
2885,mKaloer,2,0.00115,21267,12.19089,174450
2886,mkoziel2000,2,0.00115,21269,12.19203,174450
2887,mleklund,2,0.00115,21271,12.19318,174450
2888,mmerickel,2,0.00115,21273,12.19433,174450
2889,mnasiadka,2,0.00115,21275,12.19547,174450
2890,MnifR,2,0.00115,21277,12.19662,174450
2891,mnpenner,2,0.00115,21279,12.19776,174450
2892,mnshrr,2,0.00115,21281,12.19891,174450
2893,mohamedelbahr,2,0.00115,21283,12.20006,174450
2894,mohammed-cs8,2,0.00115,21285,12.20120,174450
2895,moosahmed,2,0.00115,21287,12.20235,174450
2896,morozzArt,2,0.00115,21289,12.20350,174450
2897,morremeyer,2,0.00115,21291,12.20464,174450
2898,MorrieAtElastic,2,0.00115,21293,12.20579,174450
2899,mostafahussein,2,0.00115,21295,12.20694,174450
2900,mouradmourafiq,2,0.00115,21297,12.20808,174450
2901,movinglightspeed,2,0.00115,21299,12.20923,174450
2902,MrAmbiG,2,0.00115,21301,12.21038,174450
2903,Mriesewijk2,2,0.00115,21303,12.21152,174450
2904,mrlesmithjr,2,0.00115,21305,12.21267,174450
2905,Mrpingdan,2,0.00115,21307,12.21381,174450
2906,MrZhaoAtBJ,2,0.00115,21309,12.21496,174450
2907,msunilkumar,2,0.00115,21311,12.21611,174450
2908,Msutapalli,2,0.00115,21313,12.21725,174450
2909,mszacillo,2,0.00115,21315,12.21840,174450
2910,mtoothman,2,0.00115,21317,12.21955,174450
2911,mtsmfm,2,0.00115,21319,12.22069,174450
2912,muhammadaliamin,2,0.00115,21321,12.22184,174450
2913,mulatinho,2,0.00115,21323,12.22299,174450
2914,Murphylu1993,2,0.00115,21325,12.22413,174450
2915,mvukadinoff,2,0.00115,21327,12.22528,174450
2916,mwhipple,2,0.00115,21329,12.22643,174450
2917,myersjustinc,2,0.00115,21331,12.22757,174450
2918,myonlyzzy,2,0.00115,21333,12.22872,174450
2919,Myrecord,2,0.00115,21335,12.22987,174450
2920,mythreyi1905,2,0.00115,21337,12.23101,174450
2921,mzohreva,2,0.00115,21339,12.23216,174450
2922,n3o-Bhushan,2,0.00115,21341,12.23330,174450
2923,nachoparodi,2,0.00115,21343,12.23445,174450
2924,nagajagan,2,0.00115,21345,12.23560,174450
2925,nagromLobo,2,0.00115,21347,12.23674,174450
2926,nagulvali,2,0.00115,21349,12.23789,174450
2927,naileshjadhav,2,0.00115,21351,12.23904,174450
2928,nairb774,2,0.00115,21353,12.24018,174450
2929,nakkoh,2,0.00115,21355,12.24133,174450
2930,nathsingchan,2,0.00115,21357,12.24248,174450
2931,natrem,2,0.00115,21359,12.24362,174450
2932,ndipebot,2,0.00115,21361,12.24477,174450
2933,ne1000,2,0.00115,21363,12.24592,174450
2934,nealman13,2,0.00115,21365,12.24706,174450
2935,neargle,2,0.00115,21367,12.24821,174450
2936,newly12,2,0.00115,21369,12.24936,174450
2937,newtoniumx3,2,0.00115,21371,12.25050,174450
2938,nextsux,2,0.00115,21373,12.25165,174450
2939,nfillot,2,0.00115,21375,12.25279,174450
2940,nicholasdille,2,0.00115,21377,12.25394,174450
2941,nickbryan,2,0.00115,21379,12.25509,174450
2942,nick-cromwell,2,0.00115,21381,12.25623,174450
2943,nick-oconnor,2,0.00115,21383,12.25738,174450
2944,nicolacdnll,2,0.00115,21385,12.25853,174450
2945,night-crawler,2,0.00115,21387,12.25967,174450
2946,nikals99,2,0.00115,21389,12.26082,174450
2947,nimrodishi,2,0.00115,21391,12.26197,174450
2948,ningyougang,2,0.00115,21393,12.26311,174450
2949,nitishkrishna,2,0.00115,21395,12.26426,174450
2950,nlzv,2,0.00115,21397,12.26541,174450
2951,nnao45,2,0.00115,21399,12.26655,174450
2952,nnz1024,2,0.00115,21401,12.26770,174450
2953,nodecaf,2,0.00115,21403,12.26884,174450
2954,noelleleigh,2,0.00115,21405,12.26999,174450
2955,norbertvannobelen,2,0.00115,21407,12.27114,174450
2956,NorseGaud,2,0.00115,21409,12.27228,174450
2957,Novex,2,0.00115,21411,12.27343,174450
2958,npiganeau,2,0.00115,21413,12.27458,174450
2959,nrvmodi,2,0.00115,21415,12.27572,174450
2960,NuckChorris,2,0.00115,21417,12.27687,174450
2961,nxyy-22,2,0.00115,21419,12.27802,174450
2962,OkayJosh,2,0.00115,21421,12.27916,174450
2963,okia,2,0.00115,21423,12.28031,174450
2964,okwunna,2,0.00115,21425,12.28146,174450
2965,omwbennett,2,0.00115,21427,12.28260,174450
2966,onpaws,2,0.00115,21429,12.28375,174450
2967,orirawlings,2,0.00115,21431,12.28490,174450
2968,osterman,2,0.00115,21433,12.28604,174450
2969,OuSatoru,2,0.00115,21435,12.28719,174450
2970,ovidiuf,2,0.00115,21437,12.28833,174450
2971,owengo,2,0.00115,21439,12.28948,174450
2972,oxr463,2,0.00115,21441,12.29063,174450
2973,oze4,2,0.00115,21443,12.29177,174450
2974,pabrahamusa,2,0.00115,21445,12.29292,174450
2975,painhardcore,2,0.00115,21447,12.29407,174450
2976,paleksic,2,0.00115,21449,12.29521,174450
2977,palko444,2,0.00115,21451,12.29636,174450
2978,palma21,2,0.00115,21453,12.29751,174450
2979,pam-,2,0.00115,21455,12.29865,174450
2980,panashka,2,0.00115,21457,12.29980,174450
2981,PangQingcheng,2,0.00115,21459,12.30095,174450
2982,Panoptik,2,0.00115,21461,12.30209,174450
2983,ParagNetApp,2,0.00115,21463,12.30324,174450
2984,pareshpateldfw,2,0.00115,21465,12.30439,174450
2985,parikmaan,2,0.00115,21467,12.30553,174450
2986,park-cheif5,2,0.00115,21469,12.30668,174450
2987,parsifal-47,2,0.00115,21471,12.30782,174450
2988,ParthasarathySubburaj,2,0.00115,21473,12.30897,174450
2989,PaulFurtado,2,0.00115,21475,12.31012,174450
2990,paullaffitte,2,0.00115,21477,12.31126,174450
2991,paurosello,2,0.00115,21479,12.31241,174450
2992,peco8,2,0.00115,21481,12.31356,174450
2993,PeteMac88,2,0.00115,21483,12.31470,174450
2994,PetterT2,2,0.00115,21485,12.31585,174450
2995,pgpx,2,0.00115,21487,12.31700,174450
2996,philiplee13,2,0.00115,21489,12.31814,174450
2997,philipp1992,2,0.00115,21491,12.31929,174450
2998,philjb,2,0.00115,21493,12.32044,174450
2999,philomory,2,0.00115,21495,12.32158,174450
3000,phin1x,2,0.00115,21497,12.32273,174450
3001,Pickacho,2,0.00115,21499,12.32388,174450
3002,pickfire,2,0.00115,21501,12.32502,174450
3003,pinkfloydx33,2,0.00115,21503,12.32617,174450
3004,pinzhourk,2,0.00115,21505,12.32731,174450
3005,piyushkumar13,2,0.00115,21507,12.32846,174450
3006,pjastrzabek,2,0.00115,21509,12.32961,174450
3007,pkalever,2,0.00115,21511,12.33075,174450
3008,plicon,2,0.00115,21513,12.33190,174450
3009,PontusTideman,2,0.00115,21515,12.33305,174450
3010,povils,2,0.00115,21517,12.33419,174450
3011,pplanel,2,0.00115,21519,12.33534,174450
3012,praaxe,2,0.00115,21521,12.33649,174450
3013,prajaktachaudhari,2,0.00115,21523,12.33763,174450
3014,prakashshp92,2,0.00115,21525,12.33878,174450
3015,PrakherS,2,0.00115,21527,12.33993,174450
3016,prashantcfc,2,0.00115,21529,12.34107,174450
3017,predatorray,2,0.00115,21531,12.34222,174450
3018,princekumar294,2,0.00115,21533,12.34336,174450
3019,probenx,2,0.00115,21535,12.34451,174450
3020,pschulten,2,0.00115,21537,12.34566,174450
3021,psoares,2,0.00115,21539,12.34680,174450
3022,pugangxa,2,0.00115,21541,12.34795,174450
3023,pulkitmehra,2,0.00115,21543,12.34910,174450
3024,pydctw,2,0.00115,21545,12.35024,174450
3025,qcastel,2,0.00115,21547,12.35139,174450
3026,quanbisen,2,0.00115,21549,12.35254,174450
3027,r0v,2,0.00115,21551,12.35368,174450
3028,r10r,2,0.00115,21553,12.35483,174450
3029,r3d00,2,0.00115,21555,12.35598,174450
3030,radut,2,0.00115,21557,12.35712,174450
3031,rafac92,2,0.00115,21559,12.35827,174450
3032,RafalMaleska,2,0.00115,21561,12.35942,174450
3033,Rafficer,2,0.00115,21563,12.36056,174450
3034,ragyibrahimRNA,2,0.00115,21565,12.36171,174450
3035,rahullalwani2717,2,0.00115,21567,12.36285,174450
3036,rahulshivan05,2,0.00115,21569,12.36400,174450
3037,rainerfrey,2,0.00115,21571,12.36515,174450
3038,rajasaur,2,0.00115,21573,12.36629,174450
3039,Ramblurr,2,0.00115,21575,12.36744,174450
3040,rameshgkwd05,2,0.00115,21577,12.36859,174450
3041,rashmichandrashekar,2,0.00115,21579,12.36973,174450
3042,ravigude,2,0.00115,21581,12.37088,174450
3043,ravindrabhargava,2,0.00115,21583,12.37203,174450
3044,ravirajshankarl,2,0.00115,21585,12.37317,174450
3045,rbissey-axway,2,0.00115,21587,12.37432,174450
3046,rbrishabh,2,0.00115,21589,12.37547,174450
3047,rcny,2,0.00115,21591,12.37661,174450
3048,reach4bawer,2,0.00115,21593,12.37776,174450
3049,redbitshift,2,0.00115,21595,12.37891,174450
3050,redtex,2,0.00115,21597,12.38005,174450
3051,reubit,2,0.00115,21599,12.38120,174450
3052,reza-shamsi-monaef,2,0.00115,21601,12.38234,174450
3053,rich,2,0.00115,21603,12.38349,174450
3054,rivencxl,2,0.00115,21605,12.38464,174450
3055,rizblie,2,0.00115,21607,12.38578,174450
3056,rizekmWWT,2,0.00115,21609,12.38693,174450
3057,rjackson90,2,0.00115,21611,12.38808,174450
3058,rjl79,2,0.00115,21613,12.38922,174450
3059,rmanfred,2,0.00115,21615,12.39037,174450
3060,rnwolfe,2,0.00115,21617,12.39152,174450
3061,robber-chan,2,0.00115,21619,12.39266,174450
3062,robertb724,2,0.00115,21621,12.39381,174450
3063,robherley,2,0.00115,21623,12.39496,174450
3064,robincher,2,0.00115,21625,12.39610,174450
3065,RobLSDev,2,0.00115,21627,12.39725,174450
3066,robotica72,2,0.00115,21629,12.39839,174450
3067,rockholla,2,0.00115,21631,12.39954,174450
3068,rohanmangal,2,0.00115,21633,12.40069,174450
3069,rohith-vallabhaneni,2,0.00115,21635,12.40183,174450
3070,rojomisin,2,0.00115,21637,12.40298,174450
3071,RolandMa1986,2,0.00115,21639,12.40413,174450
3072,roobert,2,0.00115,21641,12.40527,174450
3073,roysha1,2,0.00115,21643,12.40642,174450
3074,rpherrera,2,0.00115,21645,12.40757,174450
3075,rstefan1,2,0.00115,21647,12.40871,174450
3076,rudym,2,0.00115,21649,12.40986,174450
3077,runebanks-server,2,0.00115,21651,12.41101,174450
3078,rvaidya,2,0.00115,21653,12.41215,174450
3079,rwrr,2,0.00115,21655,12.41330,174450
3080,RyanAoh,2,0.00115,21657,12.41445,174450
3081,ryanc-me,2,0.00115,21659,12.41559,174450
3082,RyPeck,2,0.00115,21661,12.41674,174450
3083,saadlu,2,0.00115,21663,12.41788,174450
3084,sabarnwa,2,0.00115,21665,12.41903,174450
3085,Sabatino78,2,0.00115,21667,12.42018,174450
3086,sabbadino,2,0.00115,21669,12.42132,174450
3087,sadedil,2,0.00115,21671,12.42247,174450
3088,saggzz,2,0.00115,21673,12.42362,174450
3089,sahil-sawhney,2,0.00115,21675,12.42476,174450
3090,SailingYYC,2,0.00115,21677,12.42591,174450
3091,saintube,2,0.00115,21679,12.42706,174450
3092,sakaia-test,2,0.00115,21681,12.42820,174450
3093,SamsonNelson,2,0.00115,21683,12.42935,174450
3094,samuelfusato,2,0.00115,21685,12.43050,174450
3095,sandrogiacom,2,0.00115,21687,12.43164,174450
3096,SangtaniAryan,2,0.00115,21689,12.43279,174450
3097,sanigo,2,0.00115,21691,12.43394,174450
3098,sanjeevpandey19,2,0.00115,21693,12.43508,174450
3099,sanposhiho,2,0.00115,21695,12.43623,174450
3100,santhosh256,2,0.00115,21697,12.43737,174450
3101,sarthakvarshney8081,2,0.00115,21699,12.43852,174450
3102,sass1997,2,0.00115,21701,12.43967,174450
3103,Sayeed42,2,0.00115,21703,12.44081,174450
3104,sbocinec,2,0.00115,21705,12.44196,174450
3105,Schachte,2,0.00115,21707,12.44311,174450
3106,schmichri,2,0.00115,21709,12.44425,174450
3107,scottd018,2,0.00115,21711,12.44540,174450
3108,sdanieru,2,0.00115,21713,12.44655,174450
3109,seankelly001,2,0.00115,21715,12.44769,174450
3110,seankhliao,2,0.00115,21717,12.44884,174450
3111,sebastian-schuth,2,0.00115,21719,12.44999,174450
3112,SebastienHo,2,0.00115,21721,12.45113,174450
3113,sergey-safarov,2,0.00115,21723,12.45228,174450
3114,sergeyshaykhullin,2,0.00115,21725,12.45343,174450
3115,Serrvosky,2,0.00115,21727,12.45457,174450
3116,sethev,2,0.00115,21729,12.45572,174450
3117,sfc-gh-mgarda,2,0.00115,21731,12.45686,174450
3118,shahaf600,2,0.00115,21733,12.45801,174450
3119,shaharr-ma,2,0.00115,21735,12.45916,174450
3120,shankar95raju,2,0.00115,21737,12.46030,174450
3121,shankarkc,2,0.00115,21739,12.46145,174450
3122,shanmukha511,2,0.00115,21741,12.46260,174450
3123,sharathAradhyamath-vogo,2,0.00115,21743,12.46374,174450
3124,sharkymcdongles,2,0.00115,21745,12.46489,174450
3125,shashankv02,2,0.00115,21747,12.46604,174450
3126,shaunofneuron,2,0.00115,21749,12.46718,174450
3127,shekhar-d,2,0.00115,21751,12.46833,174450
3128,shiba24,2,0.00115,21753,12.46948,174450
3129,Shitaibin,2,0.00115,21755,12.47062,174450
3130,shivakumargn,2,0.00115,21757,12.47177,174450
3131,shivam-51,2,0.00115,21759,12.47291,174450
3132,shivamSharmaMWP,2,0.00115,21761,12.47406,174450
3133,shivaniarbat,2,0.00115,21763,12.47521,174450
3134,shonge,2,0.00115,21765,12.47635,174450
3135,ShotaKitazawa,2,0.00115,21767,12.47750,174450
3136,shotu,2,0.00115,21769,12.47865,174450
3137,shrikantumadi,2,0.00115,21771,12.47979,174450
3138,shubb30,2,0.00115,21773,12.48094,174450
3139,shubhrajoy2109,2,0.00115,21775,12.48209,174450
3140,siadark,2,0.00115,21777,12.48323,174450
3141,sikasam,2,0.00115,21779,12.48438,174450
3142,SimonHarrisonSH,2,0.00115,21781,12.48553,174450
3143,simox-83,2,0.00115,21783,12.48667,174450
3144,siqusoft,2,0.00115,21785,12.48782,174450
3145,sirkubax,2,0.00115,21787,12.48897,174450
3146,sivakku,2,0.00115,21789,12.49011,174450
3147,sivaswami,2,0.00115,21791,12.49126,174450
3148,skashyap7,2,0.00115,21793,12.49240,174450
3149,slimm609,2,0.00115,21795,12.49355,174450
3150,slobo,2,0.00115,21797,12.49470,174450
3151,smg-bg,2,0.00115,21799,12.49584,174450
3152,smira,2,0.00115,21801,12.49699,174450
3153,soilerl,2,0.00115,21803,12.49814,174450
3154,somnathpawar,2,0.00115,21805,12.49928,174450
3155,sorenbronsted,2,0.00115,21807,12.50043,174450
3156,soslan,2,0.00115,21809,12.50158,174450
3157,sownak,2,0.00115,21811,12.50272,174450
3158,spacetc62,2,0.00115,21813,12.50387,174450
3159,span,2,0.00115,21815,12.50502,174450
3160,spencergibb,2,0.00115,21817,12.50616,174450
3161,spikewang,2,0.00115,21819,12.50731,174450
3162,spiritman1990,2,0.00115,21821,12.50846,174450
3163,splitt3r,2,0.00115,21823,12.50960,174450
3164,squaricdot,2,0.00115,21825,12.51075,174450
3165,sridhav,2,0.00115,21827,12.51189,174450
3166,srikaratstrings,2,0.00115,21829,12.51304,174450
3167,Srini-B-GIT,2,0.00115,21831,12.51419,174450
3168,sseneca,2,0.00115,21833,12.51533,174450
3169,sspieker-cc,2,0.00115,21835,12.51648,174450
3170,steffeneichler,2,0.00115,21837,12.51763,174450
3171,stellarexplosions,2,0.00115,21839,12.51877,174450
3172,stephen-dexda,2,0.00115,21841,12.51992,174450
3173,StingyJack,2,0.00115,21843,12.52107,174450
3174,stone-z,2,0.00115,21845,12.52221,174450
3175,stormgbs,2,0.00115,21847,12.52336,174450
3176,strakh-alex,2,0.00115,21849,12.52451,174450
3177,subrnath,2,0.00115,21851,12.52565,174450
3178,Sudharma,2,0.00115,21853,12.52680,174450
3179,sudo6si,2,0.00115,21855,12.52794,174450
3180,SudoBrendan,2,0.00115,21857,12.52909,174450
3181,sudoforge,2,0.00115,21859,12.53024,174450
3182,suisrc,2,0.00115,21861,12.53138,174450
3183,sulenn,2,0.00115,21863,12.53253,174450
3184,sundarvc,2,0.00115,21865,12.53368,174450
3185,sunmou99,2,0.00115,21867,12.53482,174450
3186,sunpa93,2,0.00115,21869,12.53597,174450
3187,superfly-git,2,0.00115,21871,12.53712,174450
3188,surendra080196,2,0.00115,21873,12.53826,174450
3189,suryak,2,0.00115,21875,12.53941,174450
3190,Suryanshsasi,2,0.00115,21877,12.54056,174450
3191,sushilsuresh,2,0.00115,21879,12.54170,174450
3192,swamymsft,2,0.00115,21881,12.54285,174450
3193,sxmd45,2,0.00115,21883,12.54400,174450
3194,symbiont-ji,2,0.00115,21885,12.54514,174450
3195,sztupy,2,0.00115,21887,12.54629,174450
3196,t3mi,2,0.00115,21889,12.54743,174450
3197,tacospiller,2,0.00115,21891,12.54858,174450
3198,TagadaPoe,2,0.00115,21893,12.54973,174450
3199,tagoro9,2,0.00115,21895,12.55087,174450
3200,takuhiro,2,0.00115,21897,12.55202,174450
3201,tangyibo,2,0.00115,21899,12.55317,174450
3202,tanrobotix,2,0.00115,21901,12.55431,174450
3203,taoxinyi,2,0.00115,21903,12.55546,174450
3204,tarun-wadhwa-mmt,2,0.00115,21905,12.55661,174450
3205,tatodorov,2,0.00115,21907,12.55775,174450
3206,tdyas,2,0.00115,21909,12.55890,174450
3207,teozkr,2,0.00115,21911,12.56005,174450
3208,TeruakiNoyama,2,0.00115,21913,12.56119,174450
3209,teruyam,2,0.00115,21915,12.56234,174450
3210,Th0masL,2,0.00115,21917,12.56349,174450
3211,thanhlong9x,2,0.00115,21919,12.56463,174450
3212,thapakazi,2,0.00115,21921,12.56578,174450
3213,TheDiveO,2,0.00115,21923,12.56692,174450
3214,TheKangaroo,2,0.00115,21925,12.56807,174450
3215,thekey78,2,0.00115,21927,12.56922,174450
3216,Thesykan,2,0.00115,21929,12.57036,174450
3217,thiDucTran,2,0.00115,21931,12.57151,174450
3218,thomasjo,2,0.00115,21933,12.57266,174450
3219,thomasstorm,2,0.00115,21935,12.57380,174450
3220,thyarles,2,0.00115,21937,12.57495,174450
3221,thynquest,2,0.00115,21939,12.57610,174450
3222,tiagocborg,2,0.00115,21941,12.57724,174450
3223,timchenxiaoyu,2,0.00115,21943,12.57839,174450
3224,tinchi,2,0.00115,21945,12.57954,174450
3225,Tirano2150,2,0.00115,21947,12.58068,174450
3226,titanxxh,2,0.00115,21949,12.58183,174450
3227,tjamet,2,0.00115,21951,12.58298,174450
3228,tjkirch,2,0.00115,21953,12.58412,174450
3229,TJM,2,0.00115,21955,12.58527,174450
3230,tlazar,2,0.00115,21957,12.58641,174450
3231,tmarlok88,2,0.00115,21959,12.58756,174450
3232,tmegow,2,0.00115,21961,12.58871,174450
3233,tmella,2,0.00115,21963,12.58985,174450
3234,tnimni,2,0.00115,21965,12.59100,174450
3235,tocy1,2,0.00115,21967,12.59215,174450
3236,tomkivlin,2,0.00115,21969,12.59329,174450
3237,torjue,2,0.00115,21971,12.59444,174450
3238,ToucanBran,2,0.00115,21973,12.59559,174450
3239,towens,2,0.00115,21975,12.59673,174450
3240,Trackhe,2,0.00115,21977,12.59788,174450
3241,tranquyetdev,2,0.00115,21979,12.59903,174450
3242,tretos53,2,0.00115,21981,12.60017,174450
3243,Treyone,2,0.00115,21983,12.60132,174450
3244,troytop,2,0.00115,21985,12.60246,174450
3245,tschirmer,2,0.00115,21987,12.60361,174450
3246,tumido,2,0.00115,21989,12.60476,174450
3247,tuxerrante,2,0.00115,21991,12.60590,174450
3248,tvkit,2,0.00115,21993,12.60705,174450
3249,twilight327426371,2,0.00115,21995,12.60820,174450
3250,umegaya,2,0.00115,21997,12.60934,174450
3251,unixlab,2,0.00115,21999,12.61049,174450
3252,utamas,2,0.00115,22001,12.61164,174450
3253,Vadim-Zenin,2,0.00115,22003,12.61278,174450
3254,vanugrah,2,0.00115,22005,12.61393,174450
3255,vardans6,2,0.00115,22007,12.61508,174450
3256,vedvarshith,2,0.00115,22009,12.61622,174450
3257,venkattech3889,2,0.00115,22011,12.61737,174450
3258,vepatel,2,0.00115,22013,12.61852,174450
3259,Veraticus,2,0.00115,22015,12.61966,174450
3260,VGerris,2,0.00115,22017,12.62081,174450
3261,victorfrancax1,2,0.00115,22019,12.62195,174450
3262,vijay-veeranki,2,0.00115,22021,12.62310,174450
3263,vijesh12,2,0.00115,22023,12.62425,174450
3264,vikashyy08961,2,0.00115,22025,12.62539,174450
3265,vinaykv1991,2,0.00115,22027,12.62654,174450
3266,VincentGuoCQ,2,0.00115,22029,12.62769,174450
3267,vincentjocodes,2,0.00115,22031,12.62883,174450
3268,vincenzoSantonastasoGithub,2,0.00115,22033,12.62998,174450
3269,viniciusd,2,0.00115,22035,12.63113,174450
3270,vip30,2,0.00115,22037,12.63227,174450
3271,vip8439,2,0.00115,22039,12.63342,174450
3272,Vishal2696,2,0.00115,22041,12.63457,174450
3273,VishalYesurkar02,2,0.00115,22043,12.63571,174450
3274,Vlli,2,0.00115,22045,12.63686,174450
3275,vmitris,2,0.00115,22047,12.63801,174450
3276,volmab,2,0.00115,22049,12.63915,174450
3277,voltbit,2,0.00115,22051,12.64030,174450
3278,vothanhbinhlt,2,0.00115,22053,12.64144,174450
3279,vzoom96,2,0.00115,22055,12.64259,174450
3280,walidshaari,2,0.00115,22057,12.64374,174450
3281,wanderanimrod,2,0.00115,22059,12.64488,174450
3282,wangdwcsd,2,0.00115,22061,12.64603,174450
3283,wangrzneu,2,0.00115,22063,12.64718,174450
3284,wasker,2,0.00115,22065,12.64832,174450
3285,wataruian,2,0.00115,22067,12.64947,174450
3286,wayne-o,2,0.00115,22069,12.65062,174450
3287,wcurry,2,0.00115,22071,12.65176,174450
3288,webmutation,2,0.00115,22073,12.65291,174450
3289,Weil0ng,2,0.00115,22075,12.65406,174450
3290,WenwuPeng,2,0.00115,22077,12.65520,174450
3291,whites11,2,0.00115,22079,12.65635,174450
3292,whwalter,2,0.00115,22081,12.65749,174450
3293,wi1dcard,2,0.00115,22083,12.65864,174450
3294,wiesa1,2,0.00115,22085,12.65979,174450
3295,WilliamABradley,2,0.00115,22087,12.66093,174450
3296,williamlord,2,0.00115,22089,12.66208,174450
3297,winds6206,2,0.00115,22091,12.66323,174450
3298,withlin,2,0.00115,22093,12.66437,174450
3299,wjam,2,0.00115,22095,12.66552,174450
3300,wmcnamee-tunein,2,0.00115,22097,12.66667,174450
3301,WojciechKarpiel,2,0.00115,22099,12.66781,174450
3302,wolfwatch,2,0.00115,22101,12.66896,174450
3303,wu0407,2,0.00115,22103,12.67011,174450
3304,wubigo,2,0.00115,22105,12.67125,174450
3305,wuwo1952368901,2,0.00115,22107,12.67240,174450
3306,wyaopeng,2,0.00115,22109,12.67355,174450
3307,wyike,2,0.00115,22111,12.67469,174450
3308,wym42,2,0.00115,22113,12.67584,174450
3309,xaanmu,2,0.00115,22115,12.67698,174450
3310,xander-sh,2,0.00115,22117,12.67813,174450
3311,XanxusVerVR,2,0.00115,22119,12.67928,174450
3312,Xartos,2,0.00115,22121,12.68042,174450
3313,Xaseron,2,0.00115,22123,12.68157,174450
3314,xiangwangcheng,2,0.00115,22125,12.68272,174450
3315,xiechen0692,2,0.00115,22127,12.68386,174450
3316,xuanyunhui,2,0.00115,22129,12.68501,174450
3317,Xunzhuo,2,0.00115,22131,12.68616,174450
3318,y00j,2,0.00115,22133,12.68730,174450
3319,yalegria,2,0.00115,22135,12.68845,174450
3320,yamagai,2,0.00115,22137,12.68960,174450
3321,YanChii,2,0.00115,22139,12.69074,174450
3322,yangjinlogic,2,0.00115,22141,12.69189,174450
3323,yangvipguang,2,0.00115,22143,12.69304,174450
3324,yangyongzhi7,2,0.00115,22145,12.69418,174450
3325,yardensachs,2,0.00115,22147,12.69533,174450
3326,yasensim,2,0.00115,22149,12.69647,174450
3327,yash97,2,0.00115,22151,12.69762,174450
3328,yg-xue,2,0.00115,22153,12.69877,174450
3329,yili1992,2,0.00115,22155,12.69991,174450
3330,yingnanzhang666,2,0.00115,22157,12.70106,174450
3331,yongzhang,2,0.00115,22159,12.70221,174450
3332,yosshi825,2,0.00115,22161,12.70335,174450
3333,yossicohn-hs,2,0.00115,22163,12.70450,174450
3334,yoursmanish,2,0.00115,22165,12.70565,174450
3335,yuguorui,2,0.00115,22167,12.70679,174450
3336,yuha0,2,0.00115,22169,12.70794,174450
3337,YuraHrunyk,2,0.00115,22171,12.70909,174450
3338,YuriyKrasilnikov,2,0.00115,22173,12.71023,174450
3339,yvespp,2,0.00115,22175,12.71138,174450
3340,ZachCheung,2,0.00115,22177,12.71253,174450
3341,zachradtka,2,0.00115,22179,12.71367,174450
3342,zahid0,2,0.00115,22181,12.71482,174450
3343,zamataku,2,0.00115,22183,12.71596,174450
3344,ZaMaZaN4iK,2,0.00115,22185,12.71711,174450
3345,ZaphodB,2,0.00115,22187,12.71826,174450
3346,zatamine,2,0.00115,22189,12.71940,174450
3347,zen-chetan,2,0.00115,22191,12.72055,174450
3348,zengyongjie,2,0.00115,22193,12.72170,174450
3349,zerogvt,2,0.00115,22195,12.72284,174450
3350,Zetanova,2,0.00115,22197,12.72399,174450
3351,zhangwenwork,2,0.00115,22199,12.72514,174450
3352,ZhenLiu94,2,0.00115,22201,12.72628,174450
3353,zhiyxu,2,0.00115,22203,12.72743,174450
3354,zhutongcloud,2,0.00115,22205,12.72858,174450
3355,zhwhao,2,0.00115,22207,12.72972,174450
3356,zhxqgithub,2,0.00115,22209,12.73087,174450
3357,zinus92,2,0.00115,22211,12.73201,174450
3358,zoeeer,2,0.00115,22213,12.73316,174450
3359,zoltan-fedor,2,0.00115,22215,12.73431,174450
3360,zoltantarcsay,2,0.00115,22217,12.73545,174450
3361,zw0610,2,0.00115,22219,12.73660,174450
3362,zxiaozhou,2,0.00115,22221,12.73775,174450
3363,zyc-ai,2,0.00115,22223,12.73889,174450
3364,zzvara,2,0.00115,22225,12.74004,174450
3365,037g,1,0.00057,22226,12.74061,174450
3366,0xFr0zen,1,0.00057,22227,12.74119,174450
3367,0xlen,1,0.00057,22228,12.74176,174450
3368,0xtyls,1,0.00057,22229,12.74233,174450
3369,0xVox,1,0.00057,22230,12.74291,174450
3370,111andre111,1,0.00057,22231,12.74348,174450
3371,123iris,1,0.00057,22232,12.74405,174450
3372,1-23-Soum,1,0.00057,22233,12.74463,174450
3373,13567436138,1,0.00057,22234,12.74520,174450
3374,15503000324,1,0.00057,22235,12.74577,174450
3375,18056371002,1,0.00057,22236,12.74635,174450
3376,1vanzamarripa,1,0.00057,22237,12.74692,174450
3377,24king,1,0.00057,22238,12.74749,174450
3378,27claudia,1,0.00057,22239,12.74807,174450
3379,2976560783,1,0.00057,22240,12.74864,174450
3380,2qif49lt,1,0.00057,22241,12.74921,174450
3381,3rd-big,1,0.00057,22242,12.74979,174450
3382,447806664,1,0.00057,22243,12.75036,174450
3383,573009114,1,0.00057,22244,12.75093,174450
3384,632661265,1,0.00057,22245,12.75150,174450
3385,839928622,1,0.00057,22246,12.75208,174450
3386,85danf,1,0.00057,22247,12.75265,174450
3387,a0s,1,0.00057,22248,12.75322,174450
3388,a2z-ice,1,0.00057,22249,12.75380,174450
3389,a85302543,1,0.00057,22250,12.75437,174450
3390,aalexanderr,1,0.00057,22251,12.75494,174450
3391,aaraodeo,1,0.00057,22252,12.75552,174450
3392,aaronhenshaw,1,0.00057,22253,12.75609,174450
3393,AaronLeeIV,1,0.00057,22254,12.75666,174450
3394,aaronsssya,1,0.00057,22255,12.75724,174450
3395,abdelhajji,1,0.00057,22256,12.75781,174450
3396,Abdelmounaim-Azz,1,0.00057,22257,12.75838,174450
3397,abdou91,1,0.00057,22258,12.75896,174450
3398,abdulsalama,1,0.00057,22259,12.75953,174450
3399,abebe-shadow,1,0.00057,22260,12.76010,174450
3400,abenokraitis,1,0.00057,22261,12.76068,174450
3401,Abhi94N,1,0.00057,22262,12.76125,174450
3402,abhiamnyuMt,1,0.00057,22263,12.76182,174450
3403,abhijeetnijampurkar,1,0.00057,22264,12.76240,174450
3404,abhinavg97,1,0.00057,22265,12.76297,174450
3405,Abhishek0408,1,0.00057,22266,12.76354,174450
3406,Abhishek-Dev09,1,0.00057,22267,12.76412,174450
3407,abhya944,1,0.00057,22268,12.76469,174450
3408,abraaojs,1,0.00057,22269,12.76526,174450
3409,abrahamfathman,1,0.00057,22270,12.76584,174450
3410,aca,1,0.00057,22271,12.76641,174450
3411,adacaccia,1,0.00057,22272,12.76698,174450
3412,adalfa,1,0.00057,22273,12.76756,174450
3413,adam-imeson,1,0.00057,22274,12.76813,174450
3414,adamrushuk,1,0.00057,22275,12.76870,174450
3415,adamwoolhether,1,0.00057,22276,12.76927,174450
3416,adamzr,1,0.00057,22277,12.76985,174450
3417,Addiyali1,1,0.00057,22278,12.77042,174450
3418,Addyvan,1,0.00057,22279,12.77099,174450
3419,Adhira-Deogade,1,0.00057,22280,12.77157,174450
3420,adichills,1,0.00057,22281,12.77214,174450
3421,adikul30,1,0.00057,22282,12.77271,174450
3422,adil-bouchaara,1,0.00057,22283,12.77329,174450
3423,adinaclaudia,1,0.00057,22284,12.77386,174450
3424,Aditya91,1,0.00057,22285,12.77443,174450
3425,adoprog,1,0.00057,22286,12.77501,174450
3426,adux6991,1,0.00057,22287,12.77558,174450
3427,adw1n,1,0.00057,22288,12.77615,174450
3428,aeiowx,1,0.00057,22289,12.77673,174450
3429,Aeroxander,1,0.00057,22290,12.77730,174450
3430,afahmy11,1,0.00057,22291,12.77787,174450
3431,afrazkhan,1,0.00057,22292,12.77845,174450
3432,ag3man,1,0.00057,22293,12.77902,174450
3433,agarwalpradeep123,1,0.00057,22294,12.77959,174450
3434,agaudreault-jive,1,0.00057,22295,12.78017,174450
3435,agentreno,1,0.00057,22296,12.78074,174450
3436,AGH0RI,1,0.00057,22297,12.78131,174450
3437,AgileOPS-IP,1,0.00057,22298,12.78189,174450
3438,agoyal-sfdc,1,0.00057,22299,12.78246,174450
3439,Agreon,1,0.00057,22300,12.78303,174450
3440,ahanafy,1,0.00057,22301,12.78361,174450
3441,ahemon,1,0.00057,22302,12.78418,174450
3442,ahmadidev,1,0.00057,22303,12.78475,174450
3443,AhmedELShafaie,1,0.00057,22304,12.78533,174450
3444,ahmsb8884,1,0.00057,22305,12.78590,174450
3445,a-hodgson,1,0.00057,22306,12.78647,174450
3446,ahoka,1,0.00057,22307,12.78704,174450
3447,ahuffman,1,0.00057,22308,12.78762,174450
3448,aidansteele,1,0.00057,22309,12.78819,174450
3449,aidenhsy,1,0.00057,22310,12.78876,174450
3450,aido,1,0.00057,22311,12.78934,174450
3451,aim8526,1,0.00057,22312,12.78991,174450
3452,aitescmgit,1,0.00057,22313,12.79048,174450
3453,Ajay2307,1,0.00057,22314,12.79106,174450
3454,ajayr5,1,0.00057,22315,12.79163,174450
3455,ajfriesen,1,0.00057,22316,12.79220,174450
3456,Ak-12343994967,1,0.00057,22317,12.79278,174450
3457,ak89224,1,0.00057,22318,12.79335,174450
3458,ak895912,1,0.00057,22319,12.79392,174450
3459,akafazov,1,0.00057,22320,12.79450,174450
3460,AKarbas,1,0.00057,22321,12.79507,174450
3461,akashagarwal7,1,0.00057,22322,12.79564,174450
3462,Akatsuki-123,1,0.00057,22323,12.79622,174450
3463,akgunjal,1,0.00057,22324,12.79679,174450
3464,Akhil88328832,1,0.00057,22325,12.79736,174450
3465,akhilgoel09,1,0.00057,22326,12.79794,174450
3466,akhilkumar438,1,0.00057,22327,12.79851,174450
3467,akhmadfld,1,0.00057,22328,12.79908,174450
3468,akira-kuriyama,1,0.00057,22329,12.79966,174450
3469,aklinkert,1,0.00057,22330,12.80023,174450
3470,akostadinov,1,0.00057,22331,12.80080,174450
3471,akshay-sri123,1,0.00057,22332,12.80138,174450
3472,akunaatrium,1,0.00057,22333,12.80195,174450
3473,alalakum,1,0.00057,22334,12.80252,174450
3474,alanreboucas,1,0.00057,22335,12.80310,174450
3475,alarco-l,1,0.00057,22336,12.80367,174450
3476,Alb0t,1,0.00057,22337,12.80424,174450
3477,albertollamaso,1,0.00057,22338,12.80482,174450
3478,AlbinoDrought,1,0.00057,22339,12.80539,174450
3479,alebedev87,1,0.00057,22340,12.80596,174450
3480,alebsack,1,0.00057,22341,12.80653,174450
3481,alegma,1,0.00057,22342,12.80711,174450
3482,alegmal,1,0.00057,22343,12.80768,174450
3483,aleiphoenix,1,0.00057,22344,12.80825,174450
3484,alejandrojnm,1,0.00057,22345,12.80883,174450
3485,aleksarias,1,0.00057,22346,12.80940,174450
3486,aleks-mariusz,1,0.00057,22347,12.80997,174450
3487,Alex2357,1,0.00057,22348,12.81055,174450
3488,AlexanderChen1989,1,0.00057,22349,12.81112,174450
3489,alexander-knezevic-luetke-gcx,1,0.00057,22350,12.81169,174450
3490,AlexandreBrach,1,0.00057,22351,12.81227,174450
3491,alexandregomes-acceptto,1,0.00057,22352,12.81284,174450
3492,alexbreath,1,0.00057,22353,12.81341,174450
3493,alexdor,1,0.00057,22354,12.81399,174450
3494,alexey-gavrilov-flant,1,0.00057,22355,12.81456,174450
3495,alex-ferener,1,0.00057,22356,12.81513,174450
3496,AlexIoannides,1,0.00057,22357,12.81571,174450
3497,Alexjr977,1,0.00057,22358,12.81628,174450
3498,alexjuchina,1,0.00057,22359,12.81685,174450
3499,AlexKomrakov,1,0.00057,22360,12.81743,174450
3500,alexluicwhk,1,0.00057,22361,12.81800,174450
3501,alexmojo,1,0.00057,22362,12.81857,174450
3502,alexsandro-xpt,1,0.00057,22363,12.81915,174450
3503,alexykot,1,0.00057,22364,12.81972,174450
3504,alexzerd,1,0.00057,22365,12.82029,174450
3505,alexz-kh,1,0.00057,22366,12.82087,174450
3506,alfredopalhares,1,0.00057,22367,12.82144,174450
3507,aliakbar-hemmati,1,0.00057,22368,12.82201,174450
3508,AliBeddah,1,0.00057,22369,12.82259,174450
3509,aliencrash,1,0.00057,22370,12.82316,174450
3510,aligandi,1,0.00057,22371,12.82373,174450
3511,alikhil,1,0.00057,22372,12.82430,174450
3512,ali-parsfar,1,0.00057,22373,12.82488,174450
3513,alireza1371,1,0.00057,22374,12.82545,174450
3514,alireza-esmaeeli,1,0.00057,22375,12.82602,174450
3515,alisachen,1,0.00057,22376,12.82660,174450
3516,alivinshiva,1,0.00057,22377,12.82717,174450
3517,aljaxus,1,0.00057,22378,12.82774,174450
3518,AljoschaP,1,0.00057,22379,12.82832,174450
3519,allanchua101,1,0.00057,22380,12.82889,174450
3520,allenwei,1,0.00057,22381,12.82946,174450
3521,Allyn69,1,0.00057,22382,12.83004,174450
3522,almo-ltoeroek,1,0.00057,22383,12.83061,174450
3523,alogoc,1,0.00057,22384,12.83118,174450
3524,alokmaurya88,1,0.00057,22385,12.83176,174450
3525,Alon-Katz,1,0.00057,22386,12.83233,174450
3526,alparslanozturk,1,0.00057,22387,12.83290,174450
3527,alphara,1,0.00057,22388,12.83348,174450
3528,alsoft27,1,0.00057,22389,12.83405,174450
3529,alukyan,1,0.00057,22390,12.83462,174450
3530,alwaysastudent,1,0.00057,22391,12.83520,174450
3531,AmaanC,1,0.00057,22392,12.83577,174450
3532,amackillop,1,0.00057,22393,12.83634,174450
3533,amado-saladino,1,0.00057,22394,12.83692,174450
3534,Amanpatel13,1,0.00057,22395,12.83749,174450
3535,amansarpal,1,0.00057,22396,12.83806,174450
3536,amarlearning,1,0.00057,22397,12.83864,174450
3537,amazingandyyy,1,0.00057,22398,12.83921,174450
3538,amcmorris-piksel,1,0.00057,22399,12.83978,174450
3539,amirs-kov,1,0.00057,22400,12.84036,174450
3540,amirxnz,1,0.00057,22401,12.84093,174450
3541,amit1411,1,0.00057,22402,12.84150,174450
3542,amitainz,1,0.00057,22403,12.84208,174450
3543,amitkc1,1,0.00057,22404,12.84265,174450
3544,Amos-85,1,0.00057,22405,12.84322,174450
3545,Amudha-TM,1,0.00057,22406,12.84379,174450
3546,amulyamalla,1,0.00057,22407,12.84437,174450
3547,Amyth07,1,0.00057,22408,12.84494,174450
3548,An0nymous0,1,0.00057,22409,12.84551,174450
3549,ananglesmana,1,0.00057,22410,12.84609,174450
3550,anarkiwi,1,0.00057,22411,12.84666,174450
3551,AnatoliiStepaniuk,1,0.00057,22412,12.84723,174450
3552,andersfylling,1,0.00057,22413,12.84781,174450
3553,anderspetersson,1,0.00057,22414,12.84838,174450
3554,andloh,1,0.00057,22415,12.84895,174450
3555,andras-gerendas,1,0.00057,22416,12.84953,174450
3556,andrefsp,1,0.00057,22417,12.85010,174450
3557,andreib1,1,0.00057,22418,12.85067,174450
3558,andrei-dascalu,1,0.00057,22419,12.85125,174450
3559,AndreKapraty,1,0.00057,22420,12.85182,174450
3560,andreswebs,1,0.00057,22421,12.85239,174450
3561,andrew-bolin,1,0.00057,22422,12.85297,174450
3562,andrewdunai,1,0.00057,22423,12.85354,174450
3563,andrew-nds,1,0.00057,22424,12.85411,174450
3564,andrewschmidt-a,1,0.00057,22425,12.85469,174450
3565,andrewshilliday,1,0.00057,22426,12.85526,174450
3566,andrii29,1,0.00057,22427,12.85583,174450
3567,andriymarchuk,1,0.00057,22428,12.85641,174450
3568,andyjcooperuk,1,0.00057,22429,12.85698,174450
3569,andy-kwo-any,1,0.00057,22430,12.85755,174450
3570,andymcmahan,1,0.00057,22431,12.85813,174450
3571,andytsnowden,1,0.00057,22432,12.85870,174450
3572,aneagoe,1,0.00057,22433,12.85927,174450
3573,angadrandhawa,1,0.00057,22434,12.85985,174450
3574,AngelOnFira,1,0.00057,22435,12.86042,174450
3575,AngerM-DD,1,0.00057,22436,12.86099,174450
3576,anil503rgpv,1,0.00057,22437,12.86156,174450
3577,Anil-kattoju,1,0.00057,22438,12.86214,174450
3578,anilkusc,1,0.00057,22439,12.86271,174450
3579,anirudhr95,1,0.00057,22440,12.86328,174450
3580,anjanitsip,1,0.00057,22441,12.86386,174450
3581,ankitgulati24,1,0.00057,22442,12.86443,174450
3582,ankitlakum,1,0.00057,22443,12.86500,174450
3583,ankur1305,1,0.00057,22444,12.86558,174450
3584,Ankur7890,1,0.00057,22445,12.86615,174450
3585,ankur-gupta-guavus,1,0.00057,22446,12.86672,174450
3586,ankushganatra,1,0.00057,22447,12.86730,174450
3587,annakulakrishna,1,0.00057,22448,12.86787,174450
3588,anoop2503,1,0.00057,22449,12.86844,174450
3589,anooppb,1,0.00057,22450,12.86902,174450
3590,AnshulPorwal1,1,0.00057,22451,12.86959,174450
3591,ansilh,1,0.00057,22452,12.87016,174450
3592,anthonyrtong,1,0.00057,22453,12.87074,174450
3593,AnthonyRuffinoDH,1,0.00057,22454,12.87131,174450
3594,Anthonyzou,1,0.00057,22455,12.87188,174450
3595,antitree,1,0.00057,22456,12.87246,174450
3596,antje,1,0.00057,22457,12.87303,174450
3597,antonincms,1,0.00057,22458,12.87360,174450
3598,antonionappi88,1,0.00057,22459,12.87418,174450
3599,antonyfray,1,0.00057,22460,12.87475,174450
3600,anu4love,1,0.00057,22461,12.87532,174450
3601,Anu-9518,1,0.00057,22462,12.87590,174450
3602,anupam587,1,0.00057,22463,12.87647,174450
3603,anuragtr,1,0.00057,22464,12.87704,174450
3604,apache23,1,0.00057,22465,12.87762,174450
3605,apazvantov-td,1,0.00057,22466,12.87819,174450
3606,apolegoshko,1,0.00057,22467,12.87876,174450
3607,aporcupine,1,0.00057,22468,12.87934,174450
3608,appunni-dishq,1,0.00057,22469,12.87991,174450
3609,apryiomka,1,0.00057,22470,12.88048,174450
3610,archonic,1,0.00057,22471,12.88105,174450
3611,ardylin,1,0.00057,22472,12.88163,174450
3612,Ares3266,1,0.00057,22473,12.88220,174450
3613,arhea,1,0.00057,22474,12.88277,174450
3614,arjanvdberg,1,0.00057,22475,12.88335,174450
3615,arms11,1,0.00057,22476,12.88392,174450
3616,ArnabMukherjee1991,1,0.00057,22477,12.88449,174450
3617,arno-snop,1,0.00057,22478,12.88507,174450
3618,aronip,1,0.00057,22479,12.88564,174450
3619,arpit456jain,1,0.00057,22480,12.88621,174450
3620,arpitaashu,1,0.00057,22481,12.88679,174450
3621,arrcher,1,0.00057,22482,12.88736,174450
3622,ArronaxKP,1,0.00057,22483,12.88793,174450
3623,ArseniiPetrovich,1,0.00057,22484,12.88851,174450
3624,arshamsedaghatbin,1,0.00057,22485,12.88908,174450
3625,artemkoslenkov,1,0.00057,22486,12.88965,174450
3626,artem-nefedov,1,0.00057,22487,12.89023,174450
3627,artem-shestakov,1,0.00057,22488,12.89080,174450
3628,artisticman,1,0.00057,22489,12.89137,174450
3629,arturslogins,1,0.00057,22490,12.89195,174450
3630,artvichi,1,0.00057,22491,12.89252,174450
3631,arul24ar,1,0.00057,22492,12.89309,174450
3632,arvin6msd,1,0.00057,22493,12.89367,174450
3633,ArvinSiChuan,1,0.00057,22494,12.89424,174450
3634,asada931,1,0.00057,22495,12.89481,174450
3635,ASAPHAANING,1,0.00057,22496,12.89539,174450
3636,Aschay,1,0.00057,22497,12.89596,174450
3637,aseemk98,1,0.00057,22498,12.89653,174450
3638,asencis,1,0.00057,22499,12.89711,174450
3639,ashish199912,1,0.00057,22500,12.89768,174450
3640,ashokbanerjee,1,0.00057,22501,12.89825,174450
3641,Ashwin-ks,1,0.00057,22502,12.89882,174450
3642,AshwinNS,1,0.00057,22503,12.89940,174450
3643,ashwinpagarkhed,1,0.00057,22504,12.89997,174450
3644,asiaon123,1,0.00057,22505,12.90054,174450
3645,asingh014,1,0.00057,22506,12.90112,174450
3646,askreet,1,0.00057,22507,12.90169,174450
3647,Ask-Subhasmita,1,0.00057,22508,12.90226,174450
3648,ASLavanya,1,0.00057,22509,12.90284,174450
3649,asmith030,1,0.00057,22510,12.90341,174450
3650,asmoljo,1,0.00057,22511,12.90398,174450
3651,asrivas-vmw,1,0.00057,22512,12.90456,174450
3652,ass-coder,1,0.00057,22513,12.90513,174450
3653,atihkin,1,0.00057,22514,12.90570,174450
3654,Atreus-Technologies,1,0.00057,22515,12.90628,174450
3655,atsikham,1,0.00057,22516,12.90685,174450
3656,atuk721,1,0.00057,22517,12.90742,174450
3657,atul10864,1,0.00057,22518,12.90800,174450
3658,audunsolemdal,1,0.00057,22519,12.90857,174450
3659,autherlj,1,0.00057,22520,12.90914,174450
3660,autopwn,1,0.00057,22521,12.90972,174450
3661,avasani,1,0.00057,22522,12.91029,174450
3662,avinashs24,1,0.00057,22523,12.91086,174450
3663,avkudryashov,1,0.00057,22524,12.91144,174450
3664,awk,1,0.00057,22525,12.91201,174450
3665,awltux,1,0.00057,22526,12.91258,174450
3666,axelborja,1,0.00057,22527,12.91316,174450
3667,axelinux,1,0.00057,22528,12.91373,174450
3668,Ayan123430,1,0.00057,22529,12.91430,174450
3669,ayoubbensakhria,1,0.00057,22530,12.91488,174450
3670,aysuh2003,1,0.00057,22531,12.91545,174450
3671,ayushjhanwar,1,0.00057,22532,12.91602,174450
3672,azedamowang,1,0.00057,22533,12.91660,174450
3673,azepedaas,1,0.00057,22534,12.91717,174450
3674,Azim-Palmer,1,0.00057,22535,12.91774,174450
3675,b23prodtm,1,0.00057,22536,12.91831,174450
3676,B45man,1,0.00057,22537,12.91889,174450
3677,BABYYYLOVEEEEEEEE,1,0.00057,22538,12.91946,174450
3678,baderbuddy,1,0.00057,22539,12.92003,174450
3679,baejinsoo,1,0.00057,22540,12.92061,174450
3680,baens,1,0.00057,22541,12.92118,174450
3681,balleon,1,0.00057,22542,12.92175,174450
3682,bamboox,1,0.00057,22543,12.92233,174450
3683,bananflugan,1,0.00057,22544,12.92290,174450
3684,bangbangjim,1,0.00057,22545,12.92347,174450
3685,BangoNet,1,0.00057,22546,12.92405,174450
3686,bankershours,1,0.00057,22547,12.92462,174450
3687,banyejinghungui,1,0.00057,22548,12.92519,174450
3688,baosen,1,0.00057,22549,12.92577,174450
3689,BarakStout,1,0.00057,22550,12.92634,174450
3690,barnybadzoo,1,0.00057,22551,12.92691,174450
3691,baronvv,1,0.00057,22552,12.92749,174450
3692,barthy1,1,0.00057,22553,12.92806,174450
3693,bartosz-r-o-l-l,1,0.00057,22554,12.92863,174450
3694,bassaer,1,0.00057,22555,12.92921,174450
3695,Baykonur,1,0.00057,22556,12.92978,174450
3696,bazzuka,1,0.00057,22557,12.93035,174450
3697,bbagwellffn,1,0.00057,22558,12.93093,174450
3698,bbhagat4,1,0.00057,22559,12.93150,174450
3699,bbhupati,1,0.00057,22560,12.93207,174450
3700,bbkgh,1,0.00057,22561,12.93265,174450
3701,BBQigniter,1,0.00057,22562,12.93322,174450
3702,bcbrockway,1,0.00057,22563,12.93379,174450
3703,bcha,1,0.00057,22564,12.93437,174450
3704,bdekany,1,0.00057,22565,12.93494,174450
3705,bdfoster,1,0.00057,22566,12.93551,174450
3706,bdrich,1,0.00057,22567,12.93608,174450
3707,bduffany,1,0.00057,22568,12.93666,174450
3708,bdurrow,1,0.00057,22569,12.93723,174450
3709,bechampion,1,0.00057,22570,12.93780,174450
3710,belgradio-rs,1,0.00057,22571,12.93838,174450
3711,BenCoughlan15,1,0.00057,22572,12.93895,174450
3712,benderillo,1,0.00057,22573,12.93952,174450
3713,benhemp,1,0.00057,22574,12.94010,174450
3714,beniloew,1,0.00057,22575,12.94067,174450
3715,benpettman,1,0.00057,22576,12.94124,174450
3716,benvdh,1,0.00057,22577,12.94182,174450
3717,BenyH,1,0.00057,22578,12.94239,174450
3718,beomsoobeomsoo,1,0.00057,22579,12.94296,174450
3719,bergkvist,1,0.00057,22580,12.94354,174450
3720,bertreyking,1,0.00057,22581,12.94411,174450
3721,bevank,1,0.00057,22582,12.94468,174450
3722,Bghd34,1,0.00057,22583,12.94526,174450
3723,bgsilvait,1,0.00057,22584,12.94583,174450
3724,bhainesva,1,0.00057,22585,12.94640,174450
3725,bhakiyakalimuthu,1,0.00057,22586,12.94698,174450
3726,bharath-12345,1,0.00057,22587,12.94755,174450
3727,Bhashitha123,1,0.00057,22588,12.94812,174450
3728,Bhavesh-Joshi,1,0.00057,22589,12.94870,174450
3729,bhavya901,1,0.00057,22590,12.94927,174450
3730,Bibop182,1,0.00057,22591,12.94984,174450
3731,billcrook,1,0.00057,22592,12.95042,174450
3732,Billy99,1,0.00057,22593,12.95099,174450
3733,binlab,1,0.00057,22594,12.95156,174450
3734,binnythomas-1989,1,0.00057,22595,12.95214,174450
3735,birdiesanders,1,0.00057,22596,12.95271,174450
3736,birnemeier,1,0.00057,22597,12.95328,174450
3737,biubiulu,1,0.00057,22598,12.95385,174450
3738,Bjego,1,0.00057,22599,12.95443,174450
3739,bjfish25,1,0.00057,22600,12.95500,174450
3740,bjorn3,1,0.00057,22601,12.95557,174450
3741,bjorn-ali-goransson,1,0.00057,22602,12.95615,174450
3742,blackntech,1,0.00057,22603,12.95672,174450
3743,BlackRider97,1,0.00057,22604,12.95729,174450
3744,BlackThor555,1,0.00057,22605,12.95787,174450
3745,blankhang,1,0.00057,22606,12.95844,174450
3746,Blanko2,1,0.00057,22607,12.95901,174450
3747,BlendUnityPy,1,0.00057,22608,12.95959,174450
3748,bliles,1,0.00057,22609,12.96016,174450
3749,blodan,1,0.00057,22610,12.96073,174450
3750,bmaganti-netizen,1,0.00057,22611,12.96131,174450
3751,bmangesh,1,0.00057,22612,12.96188,174450
3752,bmariesan,1,0.00057,22613,12.96245,174450
3753,boatmisser,1,0.00057,22614,12.96303,174450
3754,bobsaintcool,1,0.00057,22615,12.96360,174450
3755,bobuntu,1,0.00057,22616,12.96417,174450
3756,bodduv,1,0.00057,22617,12.96475,174450
3757,Boes-man,1,0.00057,22618,12.96532,174450
3758,bolipereira,1,0.00057,22619,12.96589,174450
3759,booooh,1,0.00057,22620,12.96647,174450
3760,BorjaEst,1,0.00057,22621,12.96704,174450
3761,BorntraegerMarc,1,0.00057,22622,12.96761,174450
3762,Bouhaha-Anas,1,0.00057,22623,12.96819,174450
3763,Bouhmidovsky,1,0.00057,22624,12.96876,174450
3764,Boy-TianHen,1,0.00057,22625,12.96933,174450
3765,bozaro,1,0.00057,22626,12.96991,174450
3766,bpummill1,1,0.00057,22627,12.97048,174450
3767,bradmwilliams,1,0.00057,22628,12.97105,174450
3768,bradym,1,0.00057,22629,12.97163,174450
3769,brasmith-ms,1,0.00057,22630,12.97220,174450
3770,brenwhyte,1,0.00057,22631,12.97277,174450
3771,BrettPhilip,1,0.00057,22632,12.97334,174450
3772,breunigs,1,0.00057,22633,12.97392,174450
3773,brews,1,0.00057,22634,12.97449,174450
3774,BrianKevinson,1,0.00057,22635,12.97506,174450
3775,brianpham,1,0.00057,22636,12.97564,174450
3776,briend,1,0.00057,22637,12.97621,174450
3777,BrijJhala,1,0.00057,22638,12.97678,174450
3778,bri-pug,1,0.00057,22639,12.97736,174450
3779,brkykan,1,0.00057,22640,12.97793,174450
3780,brouberol,1,0.00057,22641,12.97850,174450
3781,brpaz,1,0.00057,22642,12.97908,174450
3782,bruecktech,1,0.00057,22643,12.97965,174450
3783,bryanhanner,1,0.00057,22644,12.98022,174450
3784,brylor,1,0.00057,22645,12.98080,174450
3785,brysonshepherd,1,0.00057,22646,12.98137,174450
3786,bs444,1,0.00057,22647,12.98194,174450
3787,b-slim,1,0.00057,22648,12.98252,174450
3788,btleedev,1,0.00057,22649,12.98309,174450
3789,btoonk,1,0.00057,22650,12.98366,174450
3790,bu3ny,1,0.00057,22651,12.98424,174450
3791,bubba,1,0.00057,22652,12.98481,174450
3792,budnik,1,0.00057,22653,12.98538,174450
3793,Bugs-Resolver,1,0.00057,22654,12.98596,174450
3794,buhilk,1,0.00057,22655,12.98653,174450
3795,BusiPlay,1,0.00057,22656,12.98710,174450
3796,busser,1,0.00057,22657,12.98768,174450
3797,bynare,1,0.00057,22658,12.98825,174450
3798,BZakir,1,0.00057,22659,12.98882,174450
3799,bzeitler69,1,0.00057,22660,12.98940,174450
3800,bzumby,1,0.00057,22661,12.98997,174450
3801,c4urself,1,0.00057,22662,12.99054,174450
3802,cachvico,1,0.00057,22663,12.99111,174450
3803,cah-prakash-kalaiarasu01,1,0.00057,22664,12.99169,174450
3804,cainelli,1,0.00057,22665,12.99226,174450
3805,caleb15,1,0.00057,22666,12.99283,174450
3806,calexandre,1,0.00057,22667,12.99341,174450
3807,camba1,1,0.00057,22668,12.99398,174450
3808,candlerb,1,0.00057,22669,12.99455,174450
3809,caozhiyuan,1,0.00057,22670,12.99513,174450
3810,capsali,1,0.00057,22671,12.99570,174450
3811,carlmacdiarmada,1,0.00057,22672,12.99627,174450
3812,carlosescura,1,0.00057,22673,12.99685,174450
3813,CarlosLanderas,1,0.00057,22674,12.99742,174450
3814,carpemonf,1,0.00057,22675,12.99799,174450
3815,casidiablo,1,0.00057,22676,12.99857,174450
3816,casret,1,0.00057,22677,12.99914,174450
3817,casualjim,1,0.00057,22678,12.99971,174450
3818,catman002,1,0.00057,22679,13.00029,174450
3819,cbcoutinho,1,0.00057,22680,13.00086,174450
3820,cbighea,1,0.00057,22681,13.00143,174450
3821,cchongXD,1,0.00057,22682,13.00201,174450
3822,cdanger,1,0.00057,22683,13.00258,174450
3823,cde0,1,0.00057,22684,13.00315,174450
3824,cdennison,1,0.00057,22685,13.00373,174450
3825,ceenam,1,0.00057,22686,13.00430,174450
3826,celestialorb,1,0.00057,22687,13.00487,174450
3827,CentUser,1,0.00057,22688,13.00545,174450
3828,cerebrate,1,0.00057,22689,13.00602,174450
3829,ceroloy,1,0.00057,22690,13.00659,174450
3830,CEVERY,1,0.00057,22691,13.00717,174450
3831,cf-sewe,1,0.00057,22692,13.00774,174450
3832,cgrant,1,0.00057,22693,13.00831,174450
3833,chaimk-als,1,0.00057,22694,13.00889,174450
3834,chaitrachandrashekar,1,0.00057,22695,13.00946,174450
3835,chalcrow,1,0.00057,22696,13.01003,174450
3836,ChandaniM123,1,0.00057,22697,13.01060,174450
3837,chandrureddy,1,0.00057,22698,13.01118,174450
3838,chanhz,1,0.00057,22699,13.01175,174450
3839,Chanpreet08,1,0.00057,22700,13.01232,174450
3840,chapitos,1,0.00057,22701,13.01290,174450
3841,charles-woshicai,1,0.00057,22702,13.01347,174450
3842,CharlieBrownMx,1,0.00057,22703,13.01404,174450
3843,CharlyRipp,1,0.00057,22704,13.01462,174450
3844,chatterjeesunit,1,0.00057,22705,13.01519,174450
3845,chatwithruben,1,0.00057,22706,13.01576,174450
3846,chearmstrong,1,0.00057,22707,13.01634,174450
3847,cheeseandcereal,1,0.00057,22708,13.01691,174450
3848,cheeseyeah,1,0.00057,22709,13.01748,174450
3849,chengzhycn,1,0.00057,22710,13.01806,174450
3850,chenlonglab198,1,0.00057,22711,13.01863,174450
3851,chenxu1990,1,0.00057,22712,13.01920,174450
3852,cheslijones,1,0.00057,22713,13.01978,174450
3853,cheungjingyu,1,0.00057,22714,13.02035,174450
3854,chew351,1,0.00057,22715,13.02092,174450
3855,cheyuexian,1,0.00057,22716,13.02150,174450
3856,chichunhua,1,0.00057,22717,13.02207,174450
3857,chilicat,1,0.00057,22718,13.02264,174450
3858,China-Honey,1,0.00057,22719,13.02322,174450
3859,chinmaychandak,1,0.00057,22720,13.02379,174450
3860,chirangaalwis,1,0.00057,22721,13.02436,174450
3861,chirayus25,1,0.00057,22722,13.02494,174450
3862,ChocolatePadmanaban,1,0.00057,22723,13.02551,174450
3863,chokhareganesh,1,0.00057,22724,13.02608,174450
3864,chongyangshi,1,0.00057,22725,13.02666,174450
3865,chris922,1,0.00057,22726,13.02723,174450
3866,Chris92ch,1,0.00057,22727,13.02780,174450
3867,ChrisEke,1,0.00057,22728,13.02837,174450
3868,ChrisG0x20,1,0.00057,22729,13.02895,174450
3869,chrispatmore,1,0.00057,22730,13.02952,174450
3870,christian-oudard,1,0.00057,22731,13.03009,174450
3871,ChristopherBaldwin,1,0.00057,22732,13.03067,174450
3872,christosploutarchou,1,0.00057,22733,13.03124,174450
3873,ChrisUnityArto,1,0.00057,22734,13.03181,174450
3874,chromko,1,0.00057,22735,13.03239,174450
3875,chruss2,1,0.00057,22736,13.03296,174450
3876,chudytom,1,0.00057,22737,13.03353,174450
3877,churma,1,0.00057,22738,13.03411,174450
3878,chyj607,1,0.00057,22739,13.03468,174450
3879,cig0,1,0.00057,22740,13.03525,174450
3880,cityiron,1,0.00057,22741,13.03583,174450
3881,clearbjli,1,0.00057,22742,13.03640,174450
3882,cleverjam,1,0.00057,22743,13.03697,174450
3883,clhuang,1,0.00057,22744,13.03755,174450
3884,clickatsachin,1,0.00057,22745,13.03812,174450
3885,ClosingBracket,1,0.00057,22746,13.03869,174450
3886,cloudtrov,1,0.00057,22747,13.03927,174450
3887,cmagorian,1,0.00057,22748,13.03984,174450
3888,CmeherGit,1,0.00057,22749,13.04041,174450
3889,cmurray47,1,0.00057,22750,13.04099,174450
3890,cnlong,1,0.00057,22751,13.04156,174450
3891,cochiseruhulessin,1,0.00057,22752,13.04213,174450
3892,Code7Bit,1,0.00057,22753,13.04271,174450
3893,codeasashu,1,0.00057,22754,13.04328,174450
3894,coderajat24,1,0.00057,22755,13.04385,174450
3895,coderatchet,1,0.00057,22756,13.04443,174450
3896,CoderYellow,1,0.00057,22757,13.04500,174450
3897,codestorycooked,1,0.00057,22758,13.04557,174450
3898,codewithkanishq,1,0.00057,22759,13.04615,174450
3899,cojocaru-dragos-alexandru,1,0.00057,22760,13.04672,174450
3900,colearendt,1,0.00057,22761,13.04729,174450
3901,collimarco,1,0.00057,22762,13.04786,174450
3902,ConaghFM,1,0.00057,22763,13.04844,174450
3903,conanswp,1,0.00057,22764,13.04901,174450
3904,connorworkman,1,0.00057,22765,13.04958,174450
3905,conradwt,1,0.00057,22766,13.05016,174450
3906,coolpalani,1,0.00057,22767,13.05073,174450
3907,cormacArt,1,0.00057,22768,13.05130,174450
3908,cornfeedhobo,1,0.00057,22769,13.05188,174450
3909,cpiment,1,0.00057,22770,13.05245,174450
3910,Cplo,1,0.00057,22771,13.05302,174450
3911,cpxPratik,1,0.00057,22772,13.05360,174450
3912,Crayeth,1,0.00057,22773,13.05417,174450
3913,crd477,1,0.00057,22774,13.05474,174450
3914,cristichiru,1,0.00057,22775,13.05532,174450
3915,croensch,1,0.00057,22776,13.05589,174450
3916,crucialfelix,1,0.00057,22777,13.05646,174450
3917,cschuet,1,0.00057,22778,13.05704,174450
3918,csuzhangxc,1,0.00057,22779,13.05761,174450
3919,cswindle,1,0.00057,22780,13.05818,174450
3920,ctalledo,1,0.00057,22781,13.05876,174450
3921,CtrlZvi,1,0.00057,22782,13.05933,174450
3922,Cuite21,1,0.00057,22783,13.05990,174450
3923,Culip,1,0.00057,22784,13.06048,174450
3924,cumirror,1,0.00057,22785,13.06105,174450
3925,cveld,1,0.00057,22786,13.06162,174450
3926,CyberPoison,1,0.00057,22787,13.06220,174450
3927,Cyn0sure,1,0.00057,22788,13.06277,174450
3928,Cynocracy,1,0.00057,22789,13.06334,174450
3929,cynron,1,0.00057,22790,13.06392,174450
3930,CyshallChan,1,0.00057,22791,13.06449,174450
3931,D1abloRUS,1,0.00057,22792,13.06506,174450
3932,d270624,1,0.00057,22793,13.06563,174450
3933,dable-mj111,1,0.00057,22794,13.06621,174450
3934,daddonpa,1,0.00057,22795,13.06678,174450
3935,daddy-joseph97,1,0.00057,22796,13.06735,174450
3936,DafuSHI,1,0.00057,22797,13.06793,174450
3937,Daggy1234,1,0.00057,22798,13.06850,174450
3938,daiguanglin,1,0.00057,22799,13.06907,174450
3939,DaleyKD,1,0.00057,22800,13.06965,174450
3940,dallasmarlow,1,0.00057,22801,13.07022,174450
3941,dambrogia,1,0.00057,22802,13.07079,174450
3942,damdo,1,0.00057,22803,13.07137,174450
3943,damindaparitybit,1,0.00057,22804,13.07194,174450
3944,damoon,1,0.00057,22805,13.07251,174450
3945,damusix,1,0.00057,22806,13.07309,174450
3946,DaniDD,1,0.00057,22807,13.07366,174450
3947,danielbeeke,1,0.00057,22808,13.07423,174450
3948,danieljkemp,1,0.00057,22809,13.07481,174450
3949,DanielJonesEB,1,0.00057,22810,13.07538,174450
3950,danielolabanji,1,0.00057,22811,13.07595,174450
3951,Danny-m08,1,0.00057,22812,13.07653,174450
3952,danpawlik,1,0.00057,22813,13.07710,174450
3953,danrspencer,1,0.00057,22814,13.07767,174450
3954,dantman,1,0.00057,22815,13.07825,174450
3955,danyalxahid,1,0.00057,22816,13.07882,174450
3956,daparthi001,1,0.00057,22817,13.07939,174450
3957,dare-darryl,1,0.00057,22818,13.07997,174450
3958,dariuszbz,1,0.00057,22819,13.08054,174450
3959,darkpixel,1,0.00057,22820,13.08111,174450
3960,darnfish,1,0.00057,22821,13.08169,174450
3961,darose,1,0.00057,22822,13.08226,174450
3962,daseth,1,0.00057,22823,13.08283,174450
3963,dassaf1,1,0.00057,22824,13.08340,174450
3964,daveamit,1,0.00057,22825,13.08398,174450
3965,davekassel,1,0.00057,22826,13.08455,174450
3966,DaveWHarvey,1,0.00057,22827,13.08512,174450
3967,davidedmonds,1,0.00057,22828,13.08570,174450
3968,davide-talesco,1,0.00057,22829,13.08627,174450
3969,davideuler,1,0.00057,22830,13.08684,174450
3970,davidhoelzel,1,0.00057,22831,13.08742,174450
3971,davinkevin,1,0.00057,22832,13.08799,174450
3972,davlloyd,1,0.00057,22833,13.08856,174450
3973,davoodece,1,0.00057,22834,13.08914,174450
3974,daydrim,1,0.00057,22835,13.08971,174450
3975,dayongi,1,0.00057,22836,13.09028,174450
3976,dazza76,1,0.00057,22837,13.09086,174450
3977,dbenoit17,1,0.00057,22838,13.09143,174450
3978,dblas,1,0.00057,22839,13.09200,174450
3979,dbluxo,1,0.00057,22840,13.09258,174450
3980,dbousquet,1,0.00057,22841,13.09315,174450
3981,d-cs,1,0.00057,22842,13.09372,174450
3982,dd01tianhua,1,0.00057,22843,13.09430,174450
3983,ddelange,1,0.00057,22844,13.09487,174450
3984,deadanon,1,0.00057,22845,13.09544,174450
3985,debarshibasak,1,0.00057,22846,13.09602,174450
3986,debu99,1,0.00057,22847,13.09659,174450
3987,decaMinCow,1,0.00057,22848,13.09716,174450
3988,deedf,1,0.00057,22849,13.09774,174450
3989,deenu7724,1,0.00057,22850,13.09831,174450
3990,Deepak1100,1,0.00057,22851,13.09888,174450
3991,deepakarchinnova,1,0.00057,22852,13.09946,174450
3992,deepakpate07,1,0.00057,22853,13.10003,174450
3993,deepakrbharadwaj,1,0.00057,22854,13.10060,174450
3994,deepflame,1,0.00057,22855,13.10118,174450
3995,defyjoy,1,0.00057,22856,13.10175,174450
3996,dejoost,1,0.00057,22857,13.10232,174450
3997,dekiel,1,0.00057,22858,13.10289,174450
3998,dellkeji,1,0.00057,22859,13.10347,174450
3999,Deniall,1,0.00057,22860,13.10404,174450
4000,denizdogan,1,0.00057,22861,13.10461,174450
4001,derklauer-ocean,1,0.00057,22862,13.10519,174450
4002,DerTiedemann,1,0.00057,22863,13.10576,174450
4003,devblack21,1,0.00057,22864,13.10633,174450
4004,devdesai16,1,0.00057,22865,13.10691,174450
4005,Developer513,1,0.00057,22866,13.10748,174450
4006,develop-mental,1,0.00057,22867,13.10805,174450
4007,Devik225,1,0.00057,22868,13.10863,174450
4008,devkishanJoshi,1,0.00057,22869,13.10920,174450
4009,devlifealways,1,0.00057,22870,13.10977,174450
4010,devopsix,1,0.00057,22871,13.11035,174450
4011,devopstales,1,0.00057,22872,13.11092,174450
4012,devsharma1979,1,0.00057,22873,13.11149,174450
4013,devtech0101,1,0.00057,22874,13.11207,174450
4014,Devyadav1994,1,0.00057,22875,13.11264,174450
4015,dewanymca,1,0.00057,22876,13.11321,174450
4016,dfsdevops,1,0.00057,22877,13.11379,174450
4017,dgr237,1,0.00057,22878,13.11436,174450
4018,dhaneesht,1,0.00057,22879,13.11493,174450
4019,dheerujava,1,0.00057,22880,13.11551,174450
4020,dholleran-lendico,1,0.00057,22881,13.11608,174450
4021,dhrida,1,0.00057,22882,13.11665,174450
4022,dhruvit01,1,0.00057,22883,13.11723,174450
4023,DiCanio,1,0.00057,22884,13.11780,174450
4024,didil,1,0.00057,22885,13.11837,174450
4025,dieucao,1,0.00057,22886,13.11895,174450
4026,digitalronin,1,0.00057,22887,13.11952,174450
4027,dimitrez,1,0.00057,22888,13.12009,174450
4028,Dinesh558,1,0.00057,22889,13.12066,174450
4029,dineshkumar181094,1,0.00057,22890,13.12124,174450
4030,dingjiefeng,1,0.00057,22891,13.12181,174450
4031,dinurp,1,0.00057,22892,13.12238,174450
4032,diogomurta,1,0.00057,22893,13.12296,174450
4033,dio-trinny,1,0.00057,22894,13.12353,174450
4034,Dipenduroy,1,0.00057,22895,13.12410,174450
4035,diranged,1,0.00057,22896,13.12468,174450
4036,dirknilius,1,0.00057,22897,13.12525,174450
4037,DirkTheDaring,1,0.00057,22898,13.12582,174450
4038,dirtyearl,1,0.00057,22899,13.12640,174450
4039,discanto,1,0.00057,22900,13.12697,174450
4040,disconnect3d,1,0.00057,22901,13.12754,174450
4041,disparo13,1,0.00057,22902,13.12812,174450
4042,dispeakble,1,0.00057,22903,13.12869,174450
4043,DiveInto,1,0.00057,22904,13.12926,174450
4044,djaax,1,0.00057,22905,13.12984,174450
4045,djrollins,1,0.00057,22906,13.13041,174450
4046,djupudga,1,0.00057,22907,13.13098,174450
4047,djvasquezvm,1,0.00057,22908,13.13156,174450
4048,dka23,1,0.00057,22909,13.13213,174450
4049,dkulchinsky,1,0.00057,22910,13.13270,174450
4050,dldereklee,1,0.00057,22911,13.13328,174450
4051,dmc5179,1,0.00057,22912,13.13385,174450
4052,dmellstrom,1,0.00057,22913,13.13442,174450
4053,DmitriyMurzin,1,0.00057,22914,13.13500,174450
4054,dmitry-prokopchenkov,1,0.00057,22915,13.13557,174450
4055,DmitrySemchenok,1,0.00057,22916,13.13614,174450
4056,dmnemec,1,0.00057,22917,13.13672,174450
4057,dmolik,1,0.00057,22918,13.13729,174450
4058,DmyMi,1,0.00057,22919,13.13786,174450
4059,dngconsulting,1,0.00057,22920,13.13844,174450
4060,docbobo,1,0.00057,22921,13.13901,174450
4061,dodtsair,1,0.00057,22922,13.13958,174450
4062,dogzzdogzz,1,0.00057,22923,13.14015,174450
4063,DolapoOba,1,0.00057,22924,13.14073,174450
4064,dombeck,1,0.00057,22925,13.14130,174450
4065,donofriov,1,0.00057,22926,13.14187,174450
4066,DontWorry33,1,0.00057,22927,13.14245,174450
4067,DoomGerbil,1,0.00057,22928,13.14302,174450
4068,dpantic,1,0.00057,22929,13.14359,174450
4069,dpc,1,0.00057,22930,13.14417,174450
4070,dpedu,1,0.00057,22931,13.14474,174450
4071,dpkshetty,1,0.00057,22932,13.14531,174450
4072,dr460neye,1,0.00057,22933,13.14589,174450
4073,dragosrosculete,1,0.00057,22934,13.14646,174450
4074,drewpca,1,0.00057,22935,13.14703,174450
4075,driversti,1,0.00057,22936,13.14761,174450
4076,drtywheels,1,0.00057,22937,13.14818,174450
4077,drzdbd1,1,0.00057,22938,13.14875,174450
4078,dsalaza4,1,0.00057,22939,13.14933,174450
4079,dsayling,1,0.00057,22940,13.14990,174450
4080,dsbos,1,0.00057,22941,13.15047,174450
4081,dsharp-pivotal,1,0.00057,22942,13.15105,174450
4082,dsnet,1,0.00057,22943,13.15162,174450
4083,dswiecki,1,0.00057,22944,13.15219,174450
4084,du86796922,1,0.00057,22945,13.15277,174450
4085,duanwei33,1,0.00057,22946,13.15334,174450
4086,dubb-b,1,0.00057,22947,13.15391,174450
4087,Dudssource,1,0.00057,22948,13.15449,174450
4088,dudubis,1,0.00057,22949,13.15506,174450
4089,dujiulun,1,0.00057,22950,13.15563,174450
4090,dunjoye4real,1,0.00057,22951,13.15621,174450
4091,duritong,1,0.00057,22952,13.15678,174450
4092,dustman9000,1,0.00057,22953,13.15735,174450
4093,dustyjump,1,0.00057,22954,13.15792,174450
4094,dvonessen,1,0.00057,22955,13.15850,174450
4095,dylex,1,0.00057,22956,13.15907,174450
4096,dylwylie,1,0.00057,22957,13.15964,174450
4097,eakurdyukov,1,0.00057,22958,13.16022,174450
4098,easvera,1,0.00057,22959,13.16079,174450
4099,easyAation,1,0.00057,22960,13.16136,174450
4100,eaterm,1,0.00057,22961,13.16194,174450
4101,eberkut,1,0.00057,22962,13.16251,174450
4102,ebrainte,1,0.00057,22963,13.16308,174450
4103,ecda909,1,0.00057,22964,13.16366,174450
4104,ecrousseau,1,0.00057,22965,13.16423,174450
4105,Edge94,1,0.00057,22966,13.16480,174450
4106,edify42,1,0.00057,22967,13.16538,174450
4107,edkreepio,1,0.00057,22968,13.16595,174450
4108,edqd,1,0.00057,22969,13.16652,174450
4109,Eduardo1911,1,0.00057,22970,13.16710,174450
4110,eduardomourar,1,0.00057,22971,13.16767,174450
4111,Eduard-Voiculescu,1,0.00057,22972,13.16824,174450
4112,educatux,1,0.00057,22973,13.16882,174450
4113,edwardsp,1,0.00057,22974,13.16939,174450
4114,eelkeblok,1,0.00057,22975,13.16996,174450
4115,eengelking,1,0.00057,22976,13.17054,174450
4116,eestewart,1,0.00057,22977,13.17111,174450
4117,EgorSysoev,1,0.00057,22978,13.17168,174450
4118,EHJ-52n,1,0.00057,22979,13.17226,174450
4119,Eifoen,1,0.00057,22980,13.17283,174450
4120,ejemba,1,0.00057,22981,13.17340,174450
4121,ejose19,1,0.00057,22982,13.17398,174450
4122,ejsuncy,1,0.00057,22983,13.17455,174450
4123,ekhaydarov,1,0.00057,22984,13.17512,174450
4124,ElAntagonista,1,0.00057,22985,13.17570,174450
4125,eldondevat,1,0.00057,22986,13.17627,174450
4126,elifish4,1,0.00057,22987,13.17684,174450
4127,eli-rh,1,0.00057,22988,13.17741,174450
4128,eliyahu77,1,0.00057,22989,13.17799,174450
4129,elkbullwinkle,1,0.00057,22990,13.17856,174450
4130,ellocano,1,0.00057,22991,13.17913,174450
4131,elpaquete,1,0.00057,22992,13.17971,174450
4132,elwood218,1,0.00057,22993,13.18028,174450
4133,EmAlexander,1,0.00057,22994,13.18085,174450
4134,emanuelr93,1,0.00057,22995,13.18143,174450
4135,eMGabriel,1,0.00057,22996,13.18200,174450
4136,Emixam23-FCMS,1,0.00057,22997,13.18257,174450
4137,emmahone,1,0.00057,22998,13.18315,174450
4138,endlesslight0,1,0.00057,22999,13.18372,174450
4139,Enrico204,1,0.00057,23000,13.18429,174450
4140,eobermuhlner,1,0.00057,23001,13.18487,174450
4141,eox-dev,1,0.00057,23002,13.18544,174450
4142,ep4eg,1,0.00057,23003,13.18601,174450
4143,eph6666,1,0.00057,23004,13.18659,174450
4144,erakjha,1,0.00057,23005,13.18716,174450
4145,erezo9,1,0.00057,23006,13.18773,174450
4146,ericandrewmeadows,1,0.00057,23007,13.18831,174450
4147,erichiller,1,0.00057,23008,13.18888,174450
4148,EricoCartmanez,1,0.00057,23009,13.18945,174450
4149,ErnestoIslas,1,0.00057,23010,13.19003,174450
4150,ernsheong,1,0.00057,23011,13.19060,174450
4151,erosennin9002,1,0.00057,23012,13.19117,174450
4152,errogaht,1,0.00057,23013,13.19175,174450
4153,error10,1,0.00057,23014,13.19232,174450
4154,ervjbb,1,0.00057,23015,13.19289,174450
4155,esalberg,1,0.00057,23016,13.19347,174450
4156,esimonov,1,0.00057,23017,13.19404,174450
4157,eskp,1,0.00057,23018,13.19461,174450
4158,Eslamanwar,1,0.00057,23019,13.19518,174450
4159,EslamElHusseiny,1,0.00057,23020,13.19576,174450
4160,esteban1983cl,1,0.00057,23021,13.19633,174450
4161,estets2,1,0.00057,23022,13.19690,174450
4162,etherandrius,1,0.00057,23023,13.19748,174450
4163,etotientz,1,0.00057,23024,13.19805,174450
4164,EugenFo,1,0.00057,23025,13.19862,174450
4165,evagonz,1,0.00057,23026,13.19920,174450
4166,evanlurvey,1,0.00057,23027,13.19977,174450
4167,evanrich,1,0.00057,23028,13.20034,174450
4168,evertonevaristo,1,0.00057,23029,13.20092,174450
4169,EvgenyKhaliper,1,0.00057,23030,13.20149,174450
4170,evgenyvaganov,1,0.00057,23031,13.20206,174450
4171,Evilong,1,0.00057,23032,13.20264,174450
4172,evredinka,1,0.00057,23033,13.20321,174450
4173,ewypych,1,0.00057,23034,13.20378,174450
4174,exagil,1,0.00057,23035,13.20436,174450
4175,existme,1,0.00057,23036,13.20493,174450
4176,ezeeyahoo,1,0.00057,23037,13.20550,174450
4177,fabianpeterg,1,0.00057,23038,13.20608,174450
4178,fabifrank,1,0.00057,23039,13.20665,174450
4179,fabstao,1,0.00057,23040,13.20722,174450
4180,fabtrompet,1,0.00057,23041,13.20780,174450
4181,Faceless28,1,0.00057,23042,13.20837,174450
4182,FaezeAzimi,1,0.00057,23043,13.20894,174450
4183,fahimghl,1,0.00057,23044,13.20952,174450
4184,fahman,1,0.00057,23045,13.21009,174450
4185,faisal-basha,1,0.00057,23046,13.21066,174450
4186,fallard84,1,0.00057,23047,13.21124,174450
4187,fancyerii,1,0.00057,23048,13.21181,174450
4188,fandongxiaokk,1,0.00057,23049,13.21238,174450
4189,FANMixco,1,0.00057,23050,13.21296,174450
4190,Faraz743,1,0.00057,23051,13.21353,174450
4191,fatahnuram,1,0.00057,23052,13.21410,174450
4192,favas0,1,0.00057,23053,13.21467,174450
4193,fblanke,1,0.00057,23054,13.21525,174450
4194,FD5219,1,0.00057,23055,13.21582,174450
4195,fdegraeve,1,0.00057,23056,13.21639,174450
4196,Feder1co5oave,1,0.00057,23057,13.21697,174450
4197,FedericoLaurianti-ScaiConsulting,1,0.00057,23058,13.21754,174450
4198,feixiaohuijava,1,0.00057,23059,13.21811,174450
4199,felipeeeantunes,1,0.00057,23060,13.21869,174450
4200,felipeschossler,1,0.00057,23061,13.21926,174450
4201,fengjim,1,0.00057,23062,13.21983,174450
4202,FerminCastro,1,0.00057,23063,13.22041,174450
4203,fernandolozano,1,0.00057,23064,13.22098,174450
4204,fernando-villalba,1,0.00057,23065,13.22155,174450
4205,fgsl,1,0.00057,23066,13.22213,174450
4206,fheinonen,1,0.00057,23067,13.22270,174450
4207,fifthpostulate,1,0.00057,23068,13.22327,174450
4208,FilipeRafaeli,1,0.00057,23069,13.22385,174450
4209,Fillo22,1,0.00057,23070,13.22442,174450
4210,Fizzbb,1,0.00057,23071,13.22499,174450
4211,fizzyduck,1,0.00057,23072,13.22557,174450
4212,fjammes,1,0.00057,23073,13.22614,174450
4213,fjmacagno,1,0.00057,23074,13.22671,174450
4214,fkaleo,1,0.00057,23075,13.22729,174450
4215,fkleedorfer,1,0.00057,23076,13.22786,174450
4216,flacatus,1,0.00057,23077,13.22843,174450
4217,flare-ws,1,0.00057,23078,13.22901,174450
4218,flarno11,1,0.00057,23079,13.22958,174450
4219,flipstone42,1,0.00057,23080,13.23015,174450
4220,fl-max,1,0.00057,23081,13.23073,174450
4221,floek,1,0.00057,23082,13.23130,174450
4222,flokli,1,0.00057,23083,13.23187,174450
4223,flowers99,1,0.00057,23084,13.23244,174450
4224,fmedery,1,0.00057,23085,13.23302,174450
4225,fnichol,1,0.00057,23086,13.23359,174450
4226,focaaby,1,0.00057,23087,13.23416,174450
4227,foldingbeauty,1,0.00057,23088,13.23474,174450
4228,foldleft,1,0.00057,23089,13.23531,174450
4229,fomin-zhu,1,0.00057,23090,13.23588,174450
4230,fool-wang,1,0.00057,23091,13.23646,174450
4231,Formartha,1,0.00057,23092,13.23703,174450
4232,forsberg,1,0.00057,23093,13.23760,174450
4233,fourstepper,1,0.00057,23094,13.23818,174450
4234,fphammerle,1,0.00057,23095,13.23875,174450
4235,FpsGameProgrammer,1,0.00057,23096,13.23932,174450
4236,francisnijay1,1,0.00057,23097,13.23990,174450
4237,francotel,1,0.00057,23098,13.24047,174450
4238,frankjardel,1,0.00057,23099,13.24104,174450
4239,FrankPetrilli,1,0.00057,23100,13.24162,174450
4240,fransoaardi,1,0.00057,23101,13.24219,174450
4241,FreddieMcHeart,1,0.00057,23102,13.24276,174450
4242,freehck,1,0.00057,23103,13.24334,174450
4243,freehck-codefresh,1,0.00057,23104,13.24391,174450
4244,fregdee,1,0.00057,23105,13.24448,174450
4245,freshDevops1,1,0.00057,23106,13.24506,174450
4246,frickenate,1,0.00057,23107,13.24563,174450
4247,FrimIdan,1,0.00057,23108,13.24620,174450
4248,frittenlab,1,0.00057,23109,13.24678,174450
4249,frrivero,1,0.00057,23110,13.24735,174450
4250,ftvkyo,1,0.00057,23111,13.24792,174450
4251,FUDCo,1,0.00057,23112,13.24850,174450
4252,g0dA,1,0.00057,23113,13.24907,174450
4253,gabatwork,1,0.00057,23114,13.24964,174450
4254,gabhi,1,0.00057,23115,13.25021,174450
4255,Gabisonfire,1,0.00057,23116,13.25079,174450
4256,gabrielaguiar94,1,0.00057,23117,13.25136,174450
4257,gabrielbatir,1,0.00057,23118,13.25193,174450
4258,gabrielbcn,1,0.00057,23119,13.25251,174450
4259,gaffneyd4,1,0.00057,23120,13.25308,174450
4260,gaima8,1,0.00057,23121,13.25365,174450
4261,galishmann,1,0.00057,23122,13.25423,174450
4262,Gandem,1,0.00057,23123,13.25480,174450
4263,gangserver,1,0.00057,23124,13.25537,174450
4264,garaghav,1,0.00057,23125,13.25595,174450
4265,GarretSidzaka,1,0.00057,23126,13.25652,174450
4266,gaulzhw,1,0.00057,23127,13.25709,174450
4267,gaurav137,1,0.00057,23128,13.25767,174450
4268,GauravAsthana1,1,0.00057,23129,13.25824,174450
4269,gaurav-gupta-gtm,1,0.00057,23130,13.25881,174450
4270,gavares,1,0.00057,23131,13.25939,174450
4271,gbuchupa,1,0.00057,23132,13.25996,174450
4272,gcharters,1,0.00057,23133,13.26053,174450
4273,gdraganic,1,0.00057,23134,13.26111,174450
4274,GDXbsv,1,0.00057,23135,13.26168,174450
4275,GeckoSplinter,1,0.00057,23136,13.26225,174450
4276,gecube,1,0.00057,23137,13.26283,174450
4277,gee4vee,1,0.00057,23138,13.26340,174450
4278,geeksterio,1,0.00057,23139,13.26397,174450
4279,Gefuxing,1,0.00057,23140,13.26455,174450
4280,gennady-voronkov,1,0.00057,23141,13.26512,174450
4281,gennway,1,0.00057,23142,13.26569,174450
4282,george-qian,1,0.00057,23143,13.26627,174450
4283,geraldoramos,1,0.00057,23144,13.26684,174450
4284,Geronium,1,0.00057,23145,13.26741,174450
4285,gerrith3,1,0.00057,23146,13.26799,174450
4286,GertjanBijl,1,0.00057,23147,13.26856,174450
4287,ggrafutkin,1,0.00057,23148,13.26913,174450
4288,ggwpp,1,0.00057,23149,13.26970,174450
4289,ghahramani,1,0.00057,23150,13.27028,174450
4290,gholliday100,1,0.00057,23151,13.27085,174450
4291,ghostcodersmn,1,0.00057,23152,13.27142,174450
4292,ghostdaxia,1,0.00057,23153,13.27200,174450
4293,GhostInThePotato,1,0.00057,23154,13.27257,174450
4294,ghudgins,1,0.00057,23155,13.27314,174450
4295,giacomolicari,1,0.00057,23156,13.27372,174450
4296,giafar,1,0.00057,23157,13.27429,174450
4297,gigglegrig,1,0.00057,23158,13.27486,174450
4298,giiita,1,0.00057,23159,13.27544,174450
4299,gilbeckers,1,0.00057,23160,13.27601,174450
4300,gillbee,1,0.00057,23161,13.27658,174450
4301,gionapaolini,1,0.00057,23162,13.27716,174450
4302,githubajaydhage,1,0.00057,23163,13.27773,174450
4303,gitnote-images,1,0.00057,23164,13.27830,174450
4304,gjen1996,1,0.00057,23165,13.27888,174450
4305,glennpratt,1,0.00057,23166,13.27945,174450
4306,glenraynor,1,0.00057,23167,13.28002,174450
4307,GlorifiedTypist,1,0.00057,23168,13.28060,174450
4308,gmazzotta,1,0.00057,23169,13.28117,174450
4309,gmenuel,1,0.00057,23170,13.28174,174450
4310,gnarl,1,0.00057,23171,13.28232,174450
4311,gnvik,1,0.00057,23172,13.28289,174450
4312,goafabric,1,0.00057,23173,13.28346,174450
4313,goberle,1,0.00057,23174,13.28404,174450
4314,gohmc,1,0.00057,23175,13.28461,174450
4315,gokcesurenkok,1,0.00057,23176,13.28518,174450
4316,gokulkrishnank,1,0.00057,23177,13.28576,174450
4317,golyalpha,1,0.00057,23178,13.28633,174450
4318,gondaz,1,0.00057,23179,13.28690,174450
4319,goodqinjin,1,0.00057,23180,13.28747,174450
4320,gopalakrishnaR,1,0.00057,23181,13.28805,174450
4321,gordalina,1,0.00057,23182,13.28862,174450
4322,GOrtiz07,1,0.00057,23183,13.28919,174450
4323,gossion,1,0.00057,23184,13.28977,174450
4324,gotoing,1,0.00057,23185,13.29034,174450
4325,gouterelo,1,0.00057,23186,13.29091,174450
4326,govinda-attal,1,0.00057,23187,13.29149,174450
4327,gpolicante,1,0.00057,23188,13.29206,174450
4328,gpoothia,1,0.00057,23189,13.29263,174450
4329,grahamsutton,1,0.00057,23190,13.29321,174450
4330,gramozkaragjyzi,1,0.00057,23191,13.29378,174450
4331,grandich,1,0.00057,23192,13.29435,174450
4332,graphex-sumo,1,0.00057,23193,13.29493,174450
4333,graywolf-at-work,1,0.00057,23194,13.29550,174450
4334,greatvovan,1,0.00057,23195,13.29607,174450
4335,greed42,1,0.00057,23196,13.29665,174450
4336,greenkiwi,1,0.00057,23197,13.29722,174450
4337,greenren,1,0.00057,23198,13.29779,174450
4338,gregleb,1,0.00057,23199,13.29837,174450
4339,grepthat,1,0.00057,23200,13.29894,174450
4340,grieshaber,1,0.00057,23201,13.29951,174450
4341,Grompot77,1,0.00057,23202,13.30009,174450
4342,growingspaghetti,1,0.00057,23203,13.30066,174450
4343,gsabatini2016,1,0.00057,23204,13.30123,174450
4344,gsusI,1,0.00057,23205,13.30181,174450
4345,gtan01,1,0.00057,23206,13.30238,174450
4346,gtracer,1,0.00057,23207,13.30295,174450
4347,guch-gh,1,0.00057,23208,13.30353,174450
4348,gudipudipradeep,1,0.00057,23209,13.30410,174450
4349,Guerric-P,1,0.00057,23210,13.30467,174450
4350,guillaumefenollar,1,0.00057,23211,13.30525,174450
4351,Guldanx,1,0.00057,23212,13.30582,174450
4352,Gun1tSurya,1,0.00057,23213,13.30639,174450
4353,gunadhya,1,0.00057,23214,13.30696,174450
4354,Gunakk,1,0.00057,23215,13.30754,174450
4355,gurleensethi,1,0.00057,23216,13.30811,174450
4356,guxlightyear,1,0.00057,23217,13.30868,174450
4357,guyelia,1,0.00057,23218,13.30926,174450
4358,GuyPaddock,1,0.00057,23219,13.30983,174450
4359,gvtaras,1,0.00057,23220,13.31040,174450
4360,gwgorman,1,0.00057,23221,13.31098,174450
4361,gwohletz,1,0.00057,23222,13.31155,174450
4362,gyalowitzdtlr,1,0.00057,23223,13.31212,174450
4363,hadib,1,0.00057,23224,13.31270,174450
4364,hadifarnoud,1,0.00057,23225,13.31327,174450
4365,hafsaasaleem,1,0.00057,23226,13.31384,174450
4366,hagel86,1,0.00057,23227,13.31442,174450
4367,Hakob,1,0.00057,23228,13.31499,174450
4368,HalfBuddhist,1,0.00057,23229,13.31556,174450
4369,hallgeirl,1,0.00057,23230,13.31614,174450
4370,hamishforbes,1,0.00057,23231,13.31671,174450
4371,haneychad,1,0.00057,23232,13.31728,174450
4372,hans72118,1,0.00057,23233,13.31786,174450
4373,hantsy,1,0.00057,23234,13.31843,174450
4374,hanyu100,1,0.00057,23235,13.31900,174450
4375,HaojingLu97,1,0.00057,23236,13.31958,174450
4376,harirajanv,1,0.00057,23237,13.32015,174450
4377,harridu,1,0.00057,23238,13.32072,174450
4378,harrypintous,1,0.00057,23239,13.32130,174450
4379,harshakondreddy,1,0.00057,23240,13.32187,174450
4380,harshalcse,1,0.00057,23241,13.32244,174450
4381,harshmanvar,1,0.00057,23242,13.32302,174450
4382,harshp1732,1,0.00057,23243,13.32359,174450
4383,harveyxia,1,0.00057,23244,13.32416,174450
4384,HaveFun83,1,0.00057,23245,13.32473,174450
4385,hawk29,1,0.00057,23246,13.32531,174450
4386,hazcod,1,0.00057,23247,13.32588,174450
4387,hazelnutsgz,1,0.00057,23248,13.32645,174450
4388,HBDUDE,1,0.00057,23249,13.32703,174450
4389,hcho1989,1,0.00057,23250,13.32760,174450
4390,headyj,1,0.00057,23251,13.32817,174450
4391,HeavensRegent,1,0.00057,23252,13.32875,174450
4392,HebeHH,1,0.00057,23253,13.32932,174450
4393,hehe717,1,0.00057,23254,13.32989,174450
4394,hemna,1,0.00057,23255,13.33047,174450
4395,hemuke,1,0.00057,23256,13.33104,174450
4396,henderiw,1,0.00057,23257,13.33161,174450
4397,Henni,1,0.00057,23258,13.33219,174450
4398,her,1,0.00057,23259,13.33276,174450
4399,herbguo,1,0.00057,23260,13.33333,174450
4400,HFeilx,1,0.00057,23261,13.33391,174450
4401,hfuhuang,1,0.00057,23262,13.33448,174450
4402,hfutcbl,1,0.00057,23263,13.33505,174450
4403,HhhuYu,1,0.00057,23264,13.33563,174450
4404,hhjie,1,0.00057,23265,13.33620,174450
4405,hickeng,1,0.00057,23266,13.33677,174450
4406,hikkyu,1,0.00057,23267,13.33735,174450
4407,hingstarne,1,0.00057,23268,13.33792,174450
4408,HisokaHous,1,0.00057,23269,13.33849,174450
4409,hktime,1,0.00057,23270,13.33907,174450
4410,hma23,1,0.00057,23271,13.33964,174450
4411,holdenk,1,0.00057,23272,13.34021,174450
4412,holmesmr,1,0.00057,23273,13.34079,174450
4413,holzeis,1,0.00057,23274,13.34136,174450
4414,holzkeil,1,0.00057,23275,13.34193,174450
4415,hongymagic,1,0.00057,23276,13.34251,174450
4416,hopkiw,1,0.00057,23277,13.34308,174450
4417,hotrush,1,0.00057,23278,13.34365,174450
4418,hottomato4,1,0.00057,23279,13.34422,174450
4419,houfangdong,1,0.00057,23280,13.34480,174450
4420,house0128,1,0.00057,23281,13.34537,174450
4421,Howie66,1,0.00057,23282,13.34594,174450
4422,hoxu,1,0.00057,23283,13.34652,174450
4423,hrishikeshnerurkar,1,0.00057,23284,13.34709,174450
4424,hrivera-ntap,1,0.00057,23285,13.34766,174450
4425,hrshshh9,1,0.00057,23286,13.34824,174450
4426,hryamzik,1,0.00057,23287,13.34881,174450
4427,hrzbrg,1,0.00057,23288,13.34938,174450
4428,huachangYu,1,0.00057,23289,13.34996,174450
4429,huangsz1599,1,0.00057,23290,13.35053,174450
4430,HubbeKing,1,0.00057,23291,13.35110,174450
4431,huberv,1,0.00057,23292,13.35168,174450
4432,hughperkins,1,0.00057,23293,13.35225,174450
4433,humantargetjoe,1,0.00057,23294,13.35282,174450
4434,Hunter-Thompson,1,0.00057,23295,13.35340,174450
4435,hunzaboy,1,0.00057,23296,13.35397,174450
4436,huornlmj,1,0.00057,23297,13.35454,174450
4437,husak1984,1,0.00057,23298,13.35512,174450
4438,huychau,1,0.00057,23299,13.35569,174450
4439,huzerun0306,1,0.00057,23300,13.35626,174450
4440,i5okie,1,0.00057,23301,13.35684,174450
4441,iagomelanias,1,0.00057,23302,13.35741,174450
4442,iamacceptable-daffodil,1,0.00057,23303,13.35798,174450
4443,iambumblehead,1,0.00057,23304,13.35856,174450
4444,iammuho,1,0.00057,23305,13.35913,174450
4445,iamrahul-9,1,0.00057,23306,13.35970,174450
4446,iamsudip,1,0.00057,23307,13.36028,174450
4447,ianhundere,1,0.00057,23308,13.36085,174450
4448,icco,1,0.00057,23309,13.36142,174450
4449,ichaozai,1,0.00057,23310,13.36199,174450
4450,ifilonenko,1,0.00057,23311,13.36257,174450
4451,igor9silva,1,0.00057,23312,13.36314,174450
4452,igordptx,1,0.00057,23313,13.36371,174450
4453,igraecao,1,0.00057,23314,13.36429,174450
4454,iibb,1,0.00057,23315,13.36486,174450
4455,iirekm,1,0.00057,23316,13.36543,174450
4456,illegalnumbers,1,0.00057,23317,13.36601,174450
4457,illyaMs,1,0.00057,23318,13.36658,174450
4458,Ilyes512,1,0.00057,23319,13.36715,174450
4459,imabhinav,1,0.00057,23320,13.36773,174450
4460,imalandu,1,0.00057,23321,13.36830,174450
4461,Imamjanishaik,1,0.00057,23322,13.36887,174450
4462,imilano,1,0.00057,23323,13.36945,174450
4463,iming0319,1,0.00057,23324,13.37002,174450
4464,immortalize,1,0.00057,23325,13.37059,174450
4465,impradeepgupta,1,0.00057,23326,13.37117,174450
4466,imsunhao,1,0.00057,23327,13.37174,174450
4467,inajob,1,0.00057,23328,13.37231,174450
4468,includerandom,1,0.00057,23329,13.37289,174450
4469,indykish,1,0.00057,23330,13.37346,174450
4470,infa-knandi,1,0.00057,23331,13.37403,174450
4471,inggrecmarc,1,0.00057,23332,13.37461,174450
4472,innovate-invent,1,0.00057,23333,13.37518,174450
4473,invertigo,1,0.00057,23334,13.37575,174450
4474,InvisibleRain,1,0.00057,23335,13.37633,174450
4475,ionutz89,1,0.00057,23336,13.37690,174450
4476,iqbalhusen,1,0.00057,23337,13.37747,174450
4477,Iridias,1,0.00057,23338,13.37805,174450
4478,Isakgicu,1,0.00057,23339,13.37862,174450
4479,ishaannarang,1,0.00057,23340,13.37919,174450
4480,ishswar,1,0.00057,23341,13.37976,174450
4481,islbie,1,0.00057,23342,13.38034,174450
4482,isliqian,1,0.00057,23343,13.38091,174450
4483,israelbgf,1,0.00057,23344,13.38148,174450
4484,its-crypted,1,0.00057,23345,13.38206,174450
4485,ivanangelov,1,0.00057,23346,13.38263,174450
4486,ivanlemeshev,1,0.00057,23347,13.38320,174450
4487,izmailoff,1,0.00057,23348,13.38378,174450
4488,jackap,1,0.00057,23349,13.38435,174450
4489,jackfarzan,1,0.00057,23350,13.38492,174450
4490,jackielyc,1,0.00057,23351,13.38550,174450
4491,jackivanov,1,0.00057,23352,13.38607,174450
4492,jackmuskopf,1,0.00057,23353,13.38664,174450
4493,jacknagel,1,0.00057,23354,13.38722,174450
4494,Jacksonary,1,0.00057,23355,13.38779,174450
4495,JaehunYoon,1,0.00057,23356,13.38836,174450
4496,jafferaws,1,0.00057,23357,13.38894,174450
4497,Jagadeeshmopuri,1,0.00057,23358,13.38951,174450
4498,jahpola-futurice,1,0.00057,23359,13.39008,174450
4499,jainbhavya65,1,0.00057,23360,13.39066,174450
4500,jaishirole,1,0.00057,23361,13.39123,174450
4501,jakepaw,1,0.00057,23362,13.39180,174450
4502,james4388,1,0.00057,23363,13.39238,174450
4503,james-d-elliott,1,0.00057,23364,13.39295,174450
4504,JamesDowning,1,0.00057,23365,13.39352,174450
4505,jamesglennan,1,0.00057,23366,13.39410,174450
4506,jamesgustard,1,0.00057,23367,13.39467,174450
4507,jamesharr,1,0.00057,23368,13.39524,174450
4508,jamie-34254,1,0.00057,23369,13.39582,174450
4509,jamiechapmanbrn,1,0.00057,23370,13.39639,174450
4510,janartodesk,1,0.00057,23371,13.39696,174450
4511,janegilring,1,0.00057,23372,13.39754,174450
4512,janilsongomesmendes,1,0.00057,23373,13.39811,174450
4513,janlau1111,1,0.00057,23374,13.39868,174450
4514,JannikZed,1,0.00057,23375,13.39925,174450
4515,janotav,1,0.00057,23376,13.39983,174450
4516,jansenmccloud,1,0.00057,23377,13.40040,174450
4517,jansony1,1,0.00057,23378,13.40097,174450
4518,janssk1,1,0.00057,23379,13.40155,174450
4519,japita-se,1,0.00057,23380,13.40212,174450
4520,jaredhancock31,1,0.00057,23381,13.40269,174450
4521,JarenZhan,1,0.00057,23382,13.40327,174450
4522,JarnoRFB,1,0.00057,23383,13.40384,174450
4523,jasonodonnell,1,0.00057,23384,13.40441,174450
4524,jasper-d,1,0.00057,23385,13.40499,174450
4525,javendo,1,0.00057,23386,13.40556,174450
4526,javierdompablo,1,0.00057,23387,13.40613,174450
4527,javier-torrado,1,0.00057,23388,13.40671,174450
4528,jbrouwers,1,0.00057,23389,13.40728,174450
4529,jcarreira,1,0.00057,23390,13.40785,174450
4530,jcelliott,1,0.00057,23391,13.40843,174450
4531,jcfj,1,0.00057,23392,13.40900,174450
4532,jc-lab,1,0.00057,23393,13.40957,174450
4533,jclusso,1,0.00057,23394,13.41015,174450
4534,jcmcken,1,0.00057,23395,13.41072,174450
4535,jcsferraz,1,0.00057,23396,13.41129,174450
4536,jcstanaway,1,0.00057,23397,13.41187,174450
4537,jdart,1,0.00057,23398,13.41244,174450
4538,jedcunningham,1,0.00057,23399,13.41301,174450
4539,Jeeppler,1,0.00057,23400,13.41359,174450
4540,jef,1,0.00057,23401,13.41416,174450
4541,jeff-french,1,0.00057,23402,13.41473,174450
4542,jeichler,1,0.00057,23403,13.41531,174450
4543,jekakm,1,0.00057,23404,13.41588,174450
4544,jellis,1,0.00057,23405,13.41645,174450
4545,jemag,1,0.00057,23406,13.41702,174450
4546,jeremy-duckworth,1,0.00057,23407,13.41760,174450
4547,jeroenhartgers,1,0.00057,23408,13.41817,174450
4548,jeroenj,1,0.00057,23409,13.41874,174450
4549,jeroenlandheer,1,0.00057,23410,13.41932,174450
4550,Jerry061-eng,1,0.00057,23411,13.41989,174450
4551,jerry-sc,1,0.00057,23412,13.42046,174450
4552,jesher,1,0.00057,23413,13.42104,174450
4553,Jeson515,1,0.00057,23414,13.42161,174450
4554,jethrogillgren,1,0.00057,23415,13.42218,174450
4555,jeus,1,0.00057,23416,13.42276,174450
4556,jewar,1,0.00057,23417,13.42333,174450
4557,jfbrennan,1,0.00057,23418,13.42390,174450
4558,jferr,1,0.00057,23419,13.42448,174450
4559,jfrabaute,1,0.00057,23420,13.42505,174450
4560,jfrederickson,1,0.00057,23421,13.42562,174450
4561,jfruge,1,0.00057,23422,13.42620,174450
4562,jgallucci32,1,0.00057,23423,13.42677,174450
4563,jgowdy,1,0.00057,23424,13.42734,174450
4564,jgrexa,1,0.00057,23425,13.42792,174450
4565,jhawthorn22,1,0.00057,23426,13.42849,174450
4566,jhordies,1,0.00057,23427,13.42906,174450
4567,jiang-wei,1,0.00057,23428,13.42964,174450
4568,jiaozg22,1,0.00057,23429,13.43021,174450
4569,jiawei666,1,0.00057,23430,13.43078,174450
4570,JibinNajeeb,1,0.00057,23431,13.43136,174450
4571,JihadMotii-REISys,1,0.00057,23432,13.43193,174450
4572,jijotj,1,0.00057,23433,13.43250,174450
4573,jimmy17x,1,0.00057,23434,13.43308,174450
4574,jingzhao-self,1,0.00057,23435,13.43365,174450
4575,JinlongWukong,1,0.00057,23436,13.43422,174450
4576,jinqin2003,1,0.00057,23437,13.43480,174450
4577,jiraguha,1,0.00057,23438,13.43537,174450
4578,jiuchen1986,1,0.00057,23439,13.43594,174450
4579,jjainschigg-r,1,0.00057,23440,13.43651,174450
4580,jjayeshgohil,1,0.00057,23441,13.43709,174450
4581,jjfeiler,1,0.00057,23442,13.43766,174450
4582,jjhuang-github,1,0.00057,23443,13.43823,174450
4583,JJJJJones,1,0.00057,23444,13.43881,174450
4584,jkachika,1,0.00057,23445,13.43938,174450
4585,jkleckner,1,0.00057,23446,13.43995,174450
4586,jkubarek,1,0.00057,23447,13.44053,174450
4587,jlaffaye,1,0.00057,23448,13.44110,174450
4588,jlehtimaki,1,0.00057,23449,13.44167,174450
4589,jmcdaniel-bc,1,0.00057,23450,13.44225,174450
4590,jmencak,1,0.00057,23451,13.44282,174450
4591,jmorcar,1,0.00057,23452,13.44339,174450
4592,jmreid,1,0.00057,23453,13.44397,174450
4593,jnamdar,1,0.00057,23454,13.44454,174450
4594,jnm,1,0.00057,23455,13.44511,174450
4595,jodavis-suse,1,0.00057,23456,13.44569,174450
4596,joelhoisko,1,0.00057,23457,13.44626,174450
4597,JoeryH,1,0.00057,23458,13.44683,174450
4598,joesan,1,0.00057,23459,13.44741,174450
4599,Joeskyyy,1,0.00057,23460,13.44798,174450
4600,JoeTairei,1,0.00057,23461,13.44855,174450
4601,Johan-Lindvall-Stratsys,1,0.00057,23462,13.44913,174450
4602,JohnCarmichael3000,1,0.00057,23463,13.44970,174450
4603,JohnGarbutt,1,0.00057,23464,13.45027,174450
4604,johnlindholm,1,0.00057,23465,13.45085,174450
4605,johnniee,1,0.00057,23466,13.45142,174450
4606,JohnPaton,1,0.00057,23467,13.45199,174450
4607,johnpoth,1,0.00057,23468,13.45257,174450
4608,johntellsall,1,0.00057,23469,13.45314,174450
4609,johnyb79,1,0.00057,23470,13.45371,174450
4610,jonasdebeukelaer,1,0.00057,23471,13.45428,174450
4611,JonasJW,1,0.00057,23472,13.45486,174450
4612,joni7777,1,0.00057,23473,13.45543,174450
4613,jordeu,1,0.00057,23474,13.45600,174450
4614,JordiCano,1,0.00057,23475,13.45658,174450
4615,jordips,1,0.00057,23476,13.45715,174450
4616,jorrit-wehelp,1,0.00057,23477,13.45772,174450
4617,joschi36,1,0.00057,23478,13.45830,174450
4618,josealmeida-vf,1,0.00057,23479,13.45887,174450
4619,josecsotomorales,1,0.00057,23480,13.45944,174450
4620,JoseFMP,1,0.00057,23481,13.46002,174450
4621,josemiteba,1,0.00057,23482,13.46059,174450
4622,joseph-levine,1,0.00057,23483,13.46116,174450
4623,josephw,1,0.00057,23484,13.46174,174450
4624,joshfix,1,0.00057,23485,13.46231,174450
4625,jot-hub,1,0.00057,23486,13.46288,174450
4626,jpmcb,1,0.00057,23487,13.46346,174450
4627,jr200,1,0.00057,23488,13.46403,174450
4628,jsaguiar,1,0.00057,23489,13.46460,174450
4629,jsalatiel,1,0.00057,23490,13.46518,174450
4630,jsen-,1,0.00057,23491,13.46575,174450
4631,jsnider-mtu,1,0.00057,23492,13.46632,174450
4632,jswidler,1,0.00057,23493,13.46690,174450
4633,jtackaberry,1,0.00057,23494,13.46747,174450
4634,jtlz2,1,0.00057,23495,13.46804,174450
4635,jtnz,1,0.00057,23496,13.46862,174450
4636,jtprom,1,0.00057,23497,13.46919,174450
4637,jtpryan,1,0.00057,23498,13.46976,174450
4638,jtweaver,1,0.00057,23499,13.47034,174450
4639,juanjoDiaz,1,0.00057,23500,13.47091,174450
4640,juan-vg,1,0.00057,23501,13.47148,174450
4641,judeki,1,0.00057,23502,13.47206,174450
4642,juergen-walter,1,0.00057,23503,13.47263,174450
4643,juhao5208,1,0.00057,23504,13.47320,174450
4644,jujis008,1,0.00057,23505,13.47377,174450
4645,jujoramos,1,0.00057,23506,13.47435,174450
4646,juliababkina,1,0.00057,23507,13.47492,174450
4647,julia-lawgeex,1,0.00057,23508,13.47549,174450
4648,juliencoopengo,1,0.00057,23509,13.47607,174450
4649,JulyIghor,1,0.00057,23510,13.47664,174450
4650,jumping,1,0.00057,23511,13.47721,174450
4651,jungwookim,1,0.00057,23512,13.47779,174450
4652,JustasStankunas,1,0.00057,23513,13.47836,174450
4653,justicezyx,1,0.00057,23514,13.47893,174450
4654,justinfx,1,0.00057,23515,13.47951,174450
4655,JustinKennedy,1,0.00057,23516,13.48008,174450
4656,justinshinmaplarge,1,0.00057,23517,13.48065,174450
4657,jvergara-runbuggy,1,0.00057,23518,13.48123,174450
4658,jweyrich,1,0.00057,23519,13.48180,174450
4659,jwuman,1,0.00057,23520,13.48237,174450
4660,jwurm,1,0.00057,23521,13.48295,174450
4661,jxy859,1,0.00057,23522,13.48352,174450
4662,jyozq,1,0.00057,23523,13.48409,174450
4663,jzhang046,1,0.00057,23524,13.48467,174450
4664,k0tl,1,0.00057,23525,13.48524,174450
4665,k3a,1,0.00057,23526,13.48581,174450
4666,k4kratik,1,0.00057,23527,13.48639,174450
4667,kabooboo,1,0.00057,23528,13.48696,174450
4668,kachar,1,0.00057,23529,13.48753,174450
4669,kadirselcuk,1,0.00057,23530,13.48811,174450
4670,kahou82,1,0.00057,23531,13.48868,174450
4671,kaikai136,1,0.00057,23532,13.48925,174450
4672,KaivalyaDabhadkar,1,0.00057,23533,13.48983,174450
4673,kakaroto,1,0.00057,23534,13.49040,174450
4674,kaleo211,1,0.00057,23535,13.49097,174450
4675,kaleocheng,1,0.00057,23536,13.49154,174450
4676,kalid117658,1,0.00057,23537,13.49212,174450
4677,kallisti5,1,0.00057,23538,13.49269,174450
4678,kallmekunal,1,0.00057,23539,13.49326,174450
4679,kam1kaze,1,0.00057,23540,13.49384,174450
4680,kamal9399,1,0.00057,23541,13.49441,174450
4681,kamelotnsk,1,0.00057,23542,13.49498,174450
4682,kamileon,1,0.00057,23543,13.49556,174450
4683,kamok,1,0.00057,23544,13.49613,174450
4684,kanduvisla,1,0.00057,23545,13.49670,174450
4685,kandyp,1,0.00057,23546,13.49728,174450
4686,kannanvr,1,0.00057,23547,13.49785,174450
4687,Kanshiroron,1,0.00057,23548,13.49842,174450
4688,kanwar-saad,1,0.00057,23549,13.49900,174450
4689,karan97144,1,0.00057,23550,13.49957,174450
4690,karolistamutis,1,0.00057,23551,13.50014,174450
4691,karthick-kk,1,0.00057,23552,13.50072,174450
4692,Karthik-Rangasamy,1,0.00057,23553,13.50129,174450
4693,karthimohan,1,0.00057,23554,13.50186,174450
4694,KartikJangir,1,0.00057,23555,13.50244,174450
4695,kassarl,1,0.00057,23556,13.50301,174450
4696,katlimruiz,1,0.00057,23557,13.50358,174450
4697,kaustubhd93,1,0.00057,23558,13.50416,174450
4698,kaviarasan-ex2,1,0.00057,23559,13.50473,174450
4699,kavicse87,1,0.00057,23560,13.50530,174450
4700,kavitsheth,1,0.00057,23561,13.50588,174450
4701,kaychu2013,1,0.00057,23562,13.50645,174450
4702,kbbqiu,1,0.00057,23563,13.50702,174450
4703,kbirger,1,0.00057,23564,13.50760,174450
4704,kbruner,1,0.00057,23565,13.50817,174450
4705,kd7lxl,1,0.00057,23566,13.50874,174450
4706,kennyk65,1,0.00057,23567,13.50931,174450
4707,kerbyhughes,1,0.00057,23568,13.50989,174450
4708,keriksson-rosenqvist,1,0.00057,23569,13.51046,174450
4709,KernelErr,1,0.00057,23570,13.51103,174450
4710,kespinola,1,0.00057,23571,13.51161,174450
4711,KevinDitschke,1,0.00057,23572,13.51218,174450
4712,kevinkarwaski,1,0.00057,23573,13.51275,174450
4713,kevin-king,1,0.00057,23574,13.51333,174450
4714,kevin-lindsay-1,1,0.00057,23575,13.51390,174450
4715,kevitan,1,0.00057,23576,13.51447,174450
4716,kgcarr,1,0.00057,23577,13.51505,174450
4717,KGODS,1,0.00057,23578,13.51562,174450
4718,kgtw,1,0.00057,23579,13.51619,174450
4719,khaefeli,1,0.00057,23580,13.51677,174450
4720,khaledRamah,1,0.00057,23581,13.51734,174450
4721,khangfsf,1,0.00057,23582,13.51791,174450
4722,Khawandjean,1,0.00057,23583,13.51849,174450
4723,kianjones4,1,0.00057,23584,13.51906,174450
4724,kiemlicz,1,0.00057,23585,13.51963,174450
4725,kienboostml,1,0.00057,23586,13.52021,174450
4726,kinderyj,1,0.00057,23587,13.52078,174450
4727,kingcody,1,0.00057,23588,13.52135,174450
4728,kingdevnl,1,0.00057,23589,13.52193,174450
4729,kingGang,1,0.00057,23590,13.52250,174450
4730,kiransmartclean,1,0.00057,23591,13.52307,174450
4731,kirin-13,1,0.00057,23592,13.52365,174450
4732,kirkdave,1,0.00057,23593,13.52422,174450
4733,kishoregv,1,0.00057,23594,13.52479,174450
4734,kishorevaishnav,1,0.00057,23595,13.52537,174450
4735,kiyonlin,1,0.00057,23596,13.52594,174450
4736,kiyutink,1,0.00057,23597,13.52651,174450
4737,kk12345-png,1,0.00057,23598,13.52709,174450
4738,kkishoreyadav,1,0.00057,23599,13.52766,174450
4739,kkkarthik,1,0.00057,23600,13.52823,174450
4740,kkreso,1,0.00057,23601,13.52880,174450
4741,klimov-gett,1,0.00057,23602,13.52938,174450
4742,klzsysy,1,0.00057,23603,13.52995,174450
4743,kmangla9,1,0.00057,23604,13.53052,174450
4744,kmr0877,1,0.00057,23605,13.53110,174450
4745,Kn0wl3dge,1,0.00057,23606,13.53167,174450
4746,kngoyal,1,0.00057,23607,13.53224,174450
4747,knkarthik,1,0.00057,23608,13.53282,174450
4748,knyttl,1,0.00057,23609,13.53339,174450
4749,kobenauf,1,0.00057,23610,13.53396,174450
4750,koksario,1,0.00057,23611,13.53454,174450
4751,kolisko,1,0.00057,23612,13.53511,174450
4752,kollender,1,0.00057,23613,13.53568,174450
4753,Konata9,1,0.00057,23614,13.53626,174450
4754,konduktor4ik,1,0.00057,23615,13.53683,174450
4755,kornelbicskei,1,0.00057,23616,13.53740,174450
4756,koshkin-ccna,1,0.00057,23617,13.53798,174450
4757,kostiukolex,1,0.00057,23618,13.53855,174450
4758,kougazhang,1,0.00057,23619,13.53912,174450
4759,kqdtran,1,0.00057,23620,13.53970,174450
4760,krejkrejkrej,1,0.00057,23621,13.54027,174450
4761,kristoffn,1,0.00057,23622,13.54084,174450
4762,ksanchez15,1,0.00057,23623,13.54142,174450
4763,ktarplee,1,0.00057,23624,13.54199,174450
4764,KubaJakubowski,1,0.00057,23625,13.54256,174450
4765,kulkarniijayesh,1,0.00057,23626,13.54314,174450
4766,kullu-ashish,1,0.00057,23627,13.54371,174450
4767,kumar-works,1,0.00057,23628,13.54428,174450
4768,Kumson,1,0.00057,23629,13.54486,174450
4769,kunal-kushwaha,1,0.00057,23630,13.54543,174450
4770,kunalshinde213,1,0.00057,23631,13.54600,174450
4771,kungfutse,1,0.00057,23632,13.54657,174450
4772,kursluzz,1,0.00057,23633,13.54715,174450
4773,kuzaxak,1,0.00057,23634,13.54772,174450
4774,Kvistian,1,0.00057,23635,13.54829,174450
4775,kwyn,1,0.00057,23636,13.54887,174450
4776,Kydybets,1,0.00057,23637,13.54944,174450
4777,Kyle-Cooley,1,0.00057,23638,13.55001,174450
4778,kylemclaren,1,0.00057,23639,13.55059,174450
4779,kyriefly,1,0.00057,23640,13.55116,174450
4780,Kyrluckechuck,1,0.00057,23641,13.55173,174450
4781,kyuho24,1,0.00057,23642,13.55231,174450
4782,l0nax,1,0.00057,23643,13.55288,174450
4783,l1b0k,1,0.00057,23644,13.55345,174450
4784,laithalissa,1,0.00057,23645,13.55403,174450
4785,lallinger-arbeit,1,0.00057,23646,13.55460,174450
4786,lam19892089,1,0.00057,23647,13.55517,174450
4787,lamproot,1,0.00057,23648,13.55575,174450
4788,lamw,1,0.00057,23649,13.55632,174450
4789,LAnastasiia,1,0.00057,23650,13.55689,174450
4790,lanjanha,1,0.00057,23651,13.55747,174450
4791,Lanpice,1,0.00057,23652,13.55804,174450
4792,laoyao-ch,1,0.00057,23653,13.55861,174450
4793,Larry1314,1,0.00057,23654,13.55919,174450
4794,larrywax,1,0.00057,23655,13.55976,174450
4795,larserikgk,1,0.00057,23656,13.56033,174450
4796,larsrnielsen,1,0.00057,23657,13.56091,174450
4797,lashukla,1,0.00057,23658,13.56148,174450
4798,lastboy1228,1,0.00057,23659,13.56205,174450
4799,laszlocph,1,0.00057,23660,13.56263,174450
4800,lauer,1,0.00057,23661,13.56320,174450
4801,laundry-96,1,0.00057,23662,13.56377,174450
4802,LaysDragon,1,0.00057,23663,13.56435,174450
4803,lbs-rodrigo,1,0.00057,23664,13.56492,174450
4804,lceni,1,0.00057,23665,13.56549,174450
4805,lcontini,1,0.00057,23666,13.56606,174450
4806,l-dalessandro,1,0.00057,23667,13.56664,174450
4807,ldue,1,0.00057,23668,13.56721,174450
4808,Learloj,1,0.00057,23669,13.56778,174450
4809,learoyklinginsmith,1,0.00057,23670,13.56836,174450
4810,lebadapetru,1,0.00057,23671,13.56893,174450
4811,LeeKevin,1,0.00057,23672,13.56950,174450
4812,leemingeer,1,0.00057,23673,13.57008,174450
4813,le-garden-fox,1,0.00057,23674,13.57065,174450
4814,Legion2,1,0.00057,23675,13.57122,174450
4815,leh327,1,0.00057,23676,13.57180,174450
4816,lelvisl,1,0.00057,23677,13.57237,174450
4817,lemonli,1,0.00057,23678,13.57294,174450
4818,LemonSpike,1,0.00057,23679,13.57352,174450
4819,LeoLiuYan,1,0.00057,23680,13.57409,174450
4820,LeonAlvarez,1,0.00057,23681,13.57466,174450
4821,leo-viridis,1,0.00057,23682,13.57524,174450
4822,leventogut,1,0.00057,23683,13.57581,174450
4823,LevonTostig,1,0.00057,23684,13.57638,174450
4824,lewisdiamond,1,0.00057,23685,13.57696,174450
4825,lexore,1,0.00057,23686,13.57753,174450
4826,lfwelty,1,0.00057,23687,13.57810,174450
4827,lgelfan,1,0.00057,23688,13.57868,174450
4828,lgmorand,1,0.00057,23689,13.57925,174450
4829,lguinn,1,0.00057,23690,13.57982,174450
4830,LHCGreg,1,0.00057,23691,13.58040,174450
4831,liakouras,1,0.00057,23692,13.58097,174450
4832,liarco,1,0.00057,23693,13.58154,174450
4833,lichaojacobs,1,0.00057,23694,13.58212,174450
4834,lidajia,1,0.00057,23695,13.58269,174450
4835,lifesboy,1,0.00057,23696,13.58326,174450
4836,lights0123,1,0.00057,23697,13.58383,174450
4837,lightsing,1,0.00057,23698,13.58441,174450
4838,likan999,1,0.00057,23699,13.58498,174450
4839,lilinji,1,0.00057,23700,13.58555,174450
4840,LilySu,1,0.00057,23701,13.58613,174450
4841,limberger,1,0.00057,23702,13.58670,174450
4842,liminghua999,1,0.00057,23703,13.58727,174450
4843,limouren,1,0.00057,23704,13.58785,174450
4844,Lincon-Freitas,1,0.00057,23705,13.58842,174450
4845,linjmeyer,1,0.00057,23706,13.58899,174450
4846,link2prasad,1,0.00057,23707,13.58957,174450
4847,lintingyong,1,0.00057,23708,13.59014,174450
4848,linuxelf001,1,0.00057,23709,13.59071,174450
4849,liquidboy,1,0.00057,23710,13.59129,174450
4850,liruishan,1,0.00057,23711,13.59186,174450
4851,LittleFox94,1,0.00057,23712,13.59243,174450
4852,LiWeiJie,1,0.00057,23713,13.59301,174450
4853,li-yi-cloud,1,0.00057,23714,13.59358,174450
4854,liyinxin,1,0.00057,23715,13.59415,174450
4855,lizongshen,1,0.00057,23716,13.59473,174450
4856,lklkxcxc,1,0.00057,23717,13.59530,174450
4857,lkoniecz,1,0.00057,23718,13.59587,174450
4858,lkr2des,1,0.00057,23719,13.59645,174450
4859,lkxsoul,1,0.00057,23720,13.59702,174450
4860,llech,1,0.00057,23721,13.59759,174450
4861,llnformer,1,0.00057,23722,13.59817,174450
4862,llorllale,1,0.00057,23723,13.59874,174450
4863,lloverarcpedro,1,0.00057,23724,13.59931,174450
4864,lodejard,1,0.00057,23725,13.59989,174450
4865,Logan-Gong,1,0.00057,23726,13.60046,174450
4866,LoganKung,1,0.00057,23727,13.60103,174450
4867,loganmzz,1,0.00057,23728,13.60161,174450
4868,longwa,1,0.00057,23729,13.60218,174450
4869,longyang10208,1,0.00057,23730,13.60275,174450
4870,Lonor,1,0.00057,23731,13.60332,174450
4871,LookImHigh,1,0.00057,23732,13.60390,174450
4872,loopingz,1,0.00057,23733,13.60447,174450
4873,LordNoteworthy,1,0.00057,23734,13.60504,174450
4874,lorenzozimolo,1,0.00057,23735,13.60562,174450
4875,LoseyourseIf,1,0.00057,23736,13.60619,174450
4876,LostinCloud,1,0.00057,23737,13.60676,174450
4877,lousyd,1,0.00057,23738,13.60734,174450
4878,LozanoMatheus,1,0.00057,23739,13.60791,174450
4879,lpghartz,1,0.00057,23740,13.60848,174450
4880,lrascao,1,0.00057,23741,13.60906,174450
4881,lsambolino,1,0.00057,23742,13.60963,174450
4882,lsj9383,1,0.00057,23743,13.61020,174450
4883,ltmleo,1,0.00057,23744,13.61078,174450
4884,lu1as,1,0.00057,23745,13.61135,174450
4885,Lucas-C,1,0.00057,23746,13.61192,174450
4886,lucasgvarela,1,0.00057,23747,13.61250,174450
4887,lucatk,1,0.00057,23748,13.61307,174450
4888,lucemans,1,0.00057,23749,13.61364,174450
4889,LucFauvel,1,0.00057,23750,13.61422,174450
4890,lucianjon,1,0.00057,23751,13.61479,174450
4891,luismaximozup,1,0.00057,23752,13.61536,174450
4892,luissio,1,0.00057,23753,13.61594,174450
4893,lukas1994,1,0.00057,23754,13.61651,174450
4894,lukasfrank,1,0.00057,23755,13.61708,174450
4895,lukasged,1,0.00057,23756,13.61766,174450
4896,Lukasz-SendGrid,1,0.00057,23757,13.61823,174450
4897,LukeWood,1,0.00057,23758,13.61880,174450
4898,lungosta,1,0.00057,23759,13.61938,174450
4899,Luttik,1,0.00057,23760,13.61995,174450
4900,lvargas0584,1,0.00057,23761,13.62052,174450
4901,lvcaiping,1,0.00057,23762,13.62109,174450
4902,lvjp,1,0.00057,23763,13.62167,174450
4903,lvs071103,1,0.00057,23764,13.62224,174450
4904,lw-kaijparo,1,0.00057,23765,13.62281,174450
4905,lx308033262,1,0.00057,23766,13.62339,174450
4906,LYHFUU,1,0.00057,23767,13.62396,174450
4907,lyqht,1,0.00057,23768,13.62453,174450
4908,lzhecheng,1,0.00057,23769,13.62511,174450
4909,m287867,1,0.00057,23770,13.62568,174450
4910,m33m33k,1,0.00057,23771,13.62625,174450
4911,macdaddyaz,1,0.00057,23772,13.62683,174450
4912,mach-kernel,1,0.00057,23773,13.62740,174450
4913,Mackiovello,1,0.00057,23774,13.62797,174450
4914,macleanj,1,0.00057,23775,13.62855,174450
4915,Macrame,1,0.00057,23776,13.62912,174450
4916,maddilli16,1,0.00057,23777,13.62969,174450
4917,madjidGH,1,0.00057,23778,13.63027,174450
4918,madkiss,1,0.00057,23779,13.63084,174450
4919,madorodam,1,0.00057,23780,13.63141,174450
4920,maeb,1,0.00057,23781,13.63199,174450
4921,maennchen,1,0.00057,23782,13.63256,174450
4922,maglun2,1,0.00057,23783,13.63313,174450
4923,Magnitus-,1,0.00057,23784,13.63371,174450
4924,mahendran8655,1,0.00057,23785,13.63428,174450
4925,Mahesh-MSFT,1,0.00057,23786,13.63485,174450
4926,mahmoudshirivaramini,1,0.00057,23787,13.63543,174450
4927,maikknebel,1,0.00057,23788,13.63600,174450
4928,mainred,1,0.00057,23789,13.63657,174450
4929,majidma-ag,1,0.00057,23790,13.63715,174450
4930,makdmi,1,0.00057,23791,13.63772,174450
4931,makeacode,1,0.00057,23792,13.63829,174450
4932,malikumaliku,1,0.00057,23793,13.63887,174450
4933,MalKeshar,1,0.00057,23794,13.63944,174450
4934,mamiapatrick,1,0.00057,23795,13.64001,174450
4935,manan00,1,0.00057,23796,13.64058,174450
4936,Manoj-KumarYadav,1,0.00057,23797,13.64116,174450
4937,manojvs157,1,0.00057,23798,13.64173,174450
4938,manosoft,1,0.00057,23799,13.64230,174450
4939,mans0954,1,0.00057,23800,13.64288,174450
4940,maracle6,1,0.00057,23801,13.64345,174450
4941,marcaureln,1,0.00057,23802,13.64402,174450
4942,marcelo-devsres,1,0.00057,23803,13.64460,174450
4943,marcgascon,1,0.00057,23804,13.64517,174450
4944,marcheil,1,0.00057,23805,13.64574,174450
4945,marcindulak,1,0.00057,23806,13.64632,174450
4946,marcinma,1,0.00057,23807,13.64689,174450
4947,marcomicera,1,0.00057,23808,13.64746,174450
4948,marcosinger,1,0.00057,23809,13.64804,174450
4949,marcphilipp,1,0.00057,23810,13.64861,174450
4950,marcvs,1,0.00057,23811,13.64918,174450
4951,Marek00Malik,1,0.00057,23812,13.64976,174450
4952,MarekPikula,1,0.00057,23813,13.65033,174450
4953,marianomirabelli,1,0.00057,23814,13.65090,174450
4954,MarioAllegro,1,0.00057,23815,13.65148,174450
4955,mariojacobo,1,0.00057,23816,13.65205,174450
4956,mario-purestake,1,0.00057,23817,13.65262,174450
4957,mariorojas,1,0.00057,23818,13.65320,174450
4958,MarkDeckert,1,0.00057,23819,13.65377,174450
4959,markmaas,1,0.00057,23820,13.65434,174450
4960,MarkPare,1,0.00057,23821,13.65492,174450
4961,markshuttle,1,0.00057,23822,13.65549,174450
4962,markus7811,1,0.00057,23823,13.65606,174450
4963,markushhhhhh,1,0.00057,23824,13.65664,174450
4964,Markus-ipse,1,0.00057,23825,13.65721,174450
4965,marrem,1,0.00057,23826,13.65778,174450
4966,martinezleoml,1,0.00057,23827,13.65835,174450
4967,Martin-Luther,1,0.00057,23828,13.65893,174450
4968,MartinSGill,1,0.00057,23829,13.65950,174450
4969,marvelous-melanie,1,0.00057,23830,13.66007,174450
4970,marvinnitz18,1,0.00057,23831,13.66065,174450
4971,mashanivas,1,0.00057,23832,13.66122,174450
4972,MasterDev117,1,0.00057,23833,13.66179,174450
4973,mastermind3800,1,0.00057,23834,13.66237,174450
4974,mastertheknife,1,0.00057,23835,13.66294,174450
4975,mathieux51,1,0.00057,23836,13.66351,174450
4976,matias-devoto,1,0.00057,23837,13.66409,174450
4977,mativillagra,1,0.00057,23838,13.66466,174450
4978,matte21,1,0.00057,23839,13.66523,174450
4979,matthew-walters,1,0.00057,23840,13.66581,174450
4980,matthiasdeblock,1,0.00057,23841,13.66638,174450
4981,matthiaslee,1,0.00057,23842,13.66695,174450
4982,MattiasPernhult,1,0.00057,23843,13.66753,174450
4983,mattmceuen,1,0.00057,23844,13.66810,174450
4984,mattnac,1,0.00057,23845,13.66867,174450
4985,mattscottuk,1,0.00057,23846,13.66925,174450
4986,mattyev87,1,0.00057,23847,13.66982,174450
4987,matzegebbe,1,0.00057,23848,13.67039,174450
4988,mau21mau,1,0.00057,23849,13.67097,174450
4989,MaxBango,1,0.00057,23850,13.67154,174450
4990,maxbraun,1,0.00057,23851,13.67211,174450
4991,maximaub,1,0.00057,23852,13.67269,174450
4992,MaximF,1,0.00057,23853,13.67326,174450
4993,maxpaj,1,0.00057,23854,13.67383,174450
4994,maxpoirier,1,0.00057,23855,13.67441,174450
4995,mayankagg9722,1,0.00057,23856,13.67498,174450
4996,mayankaryaman10,1,0.00057,23857,13.67555,174450
4997,mayur-rammer,1,0.00057,23858,13.67612,174450
4998,mbig,1,0.00057,23859,13.67670,174450
4999,mbrijun,1,0.00057,23860,13.67727,174450
5000,mbuffa,1,0.00057,23861,13.67784,174450
5001,mc0,1,0.00057,23862,13.67842,174450
5002,mclueppers,1,0.00057,23863,13.67899,174450
5003,mconner,1,0.00057,23864,13.67956,174450
5004,mdsowmya,1,0.00057,23865,13.68014,174450
5005,medoror,1,0.00057,23866,13.68071,174450
5006,meetpatel125,1,0.00057,23867,13.68128,174450
5007,MeetVaishnav,1,0.00057,23868,13.68186,174450
5008,meezaan,1,0.00057,23869,13.68243,174450
5009,Meg4Bit,1,0.00057,23870,13.68300,174450
5010,megastallman,1,0.00057,23871,13.68358,174450
5011,MehranJanfeshan,1,0.00057,23872,13.68415,174450
5012,mehrdadpfg,1,0.00057,23873,13.68472,174450
5013,mehyedes,1,0.00057,23874,13.68530,174450
5014,mel1nn,1,0.00057,23875,13.68587,174450
5015,menokian,1,0.00057,23876,13.68644,174450
5016,Mert84,1,0.00057,23877,13.68702,174450
5017,mescanne,1,0.00057,23878,13.68759,174450
5018,meshudn,1,0.00057,23879,13.68816,174450
5019,metalheadaakash,1,0.00057,23880,13.68874,174450
5020,mFarghaly,1,0.00057,23881,13.68931,174450
5021,mgcrea,1,0.00057,23882,13.68988,174450
5022,mhamann,1,0.00057,23883,13.69046,174450
5023,mharrend,1,0.00057,23884,13.69103,174450
5024,mi5key,1,0.00057,23885,13.69160,174450
5025,mia01,1,0.00057,23886,13.69218,174450
5026,michaelasper,1,0.00057,23887,13.69275,174450
5027,Michaelborsellino,1,0.00057,23888,13.69332,174450
5028,MichaelCade,1,0.00057,23889,13.69390,174450
5029,michael-niemand,1,0.00057,23890,13.69447,174450
5030,MichaelSchmidt82,1,0.00057,23891,13.69504,174450
5031,MichalGuzieniuk,1,0.00057,23892,13.69561,174450
5032,michal-kaliszewski-sollers-eu,1,0.00057,23893,13.69619,174450
5033,michalmisiewicz,1,0.00057,23894,13.69676,174450
5034,michalrabinowitch,1,0.00057,23895,13.69733,174450
5035,michalzxc,1,0.00057,23896,13.69791,174450
5036,micmoc95,1,0.00057,23897,13.69848,174450
5037,micos76,1,0.00057,23898,13.69905,174450
5038,microwaves,1,0.00057,23899,13.69963,174450
5039,mig4,1,0.00057,23900,13.70020,174450
5040,migueloller,1,0.00057,23901,13.70077,174450
5041,mihailgmihaylov,1,0.00057,23902,13.70135,174450
5042,mihir1472,1,0.00057,23903,13.70192,174450
5043,MIhirMishra,1,0.00057,23904,13.70249,174450
5044,mikabytes,1,0.00057,23905,13.70307,174450
5045,mikaelmorvan,1,0.00057,23906,13.70364,174450
5046,mik-dass,1,0.00057,23907,13.70421,174450
5047,mikecali,1,0.00057,23908,13.70479,174450
5048,mikechengwei,1,0.00057,23909,13.70536,174450
5049,mikechiang2003,1,0.00057,23910,13.70593,174450
5050,mikegerber,1,0.00057,23911,13.70651,174450
5051,Mikhail2577,1,0.00057,23912,13.70708,174450
5052,MikkCZ,1,0.00057,23913,13.70765,174450
5053,mik-laj,1,0.00057,23914,13.70823,174450
5054,MikuGhoul,1,0.00057,23915,13.70880,174450
5055,milanchavda,1,0.00057,23916,13.70937,174450
5056,Milesjpool,1,0.00057,23917,13.70995,174450
5057,milossy,1,0.00057,23918,13.71052,174450
5058,mind-mind,1,0.00057,23919,13.71109,174450
5059,MingjieAmadeus,1,0.00057,23920,13.71167,174450
5060,mingliangguo,1,0.00057,23921,13.71224,174450
5061,mingsterism,1,0.00057,23922,13.71281,174450
5062,mingwei-li,1,0.00057,23923,13.71338,174450
5063,minhhieugma,1,0.00057,23924,13.71396,174450
5064,MiracleJy,1,0.00057,23925,13.71453,174450
5065,mirceaaaa,1,0.00057,23926,13.71510,174450
5066,mirogta,1,0.00057,23927,13.71568,174450
5067,mischenkovn,1,0.00057,23928,13.71625,174450
5068,misha-fm,1,0.00057,23929,13.71682,174450
5069,mishindm,1,0.00057,23930,13.71740,174450
5070,misi,1,0.00057,23931,13.71797,174450
5071,mitchelldavis44,1,0.00057,23932,13.71854,174450
5072,Mitrofanov,1,0.00057,23933,13.71912,174450
5073,mjkowalski,1,0.00057,23934,13.71969,174450
5074,mjtv,1,0.00057,23935,13.72026,174450
5075,mkhpalm,1,0.00057,23936,13.72084,174450
5076,mkjmkumar,1,0.00057,23937,13.72141,174450
5077,mkostersitz,1,0.00057,23938,13.72198,174450
5078,mkvitnitsky,1,0.00057,23939,13.72256,174450
5079,ml-,1,0.00057,23940,13.72313,174450
5080,mlagran1,1,0.00057,23941,13.72370,174450
5081,Mldhun,1,0.00057,23942,13.72428,174450
5082,mmbcn,1,0.00057,23943,13.72485,174450
5083,mmgari,1,0.00057,23944,13.72542,174450
5084,mnasruul,1,0.00057,23945,13.72600,174450
5085,mnencia,1,0.00057,23946,13.72657,174450
5086,moewill,1,0.00057,23947,13.72714,174450
5087,mohamedelhabib,1,0.00057,23948,13.72772,174450
5088,monikeu,1,0.00057,23949,13.72829,174450
5089,montanaflynn,1,0.00057,23950,13.72886,174450
5090,montenegrodr,1,0.00057,23951,13.72944,174450
5091,moohdyy,1,0.00057,23952,13.73001,174450
5092,mooreniemi,1,0.00057,23953,13.73058,174450
5093,morfj,1,0.00057,23954,13.73116,174450
5094,Morl99,1,0.00057,23955,13.73173,174450
5095,Morride,1,0.00057,23956,13.73230,174450
5096,mosee9,1,0.00057,23957,13.73287,174450
5097,mosfet1kg,1,0.00057,23958,13.73345,174450
5098,moskit,1,0.00057,23959,13.73402,174450
5099,mothershipper,1,0.00057,23960,13.73459,174450
5100,motmot80,1,0.00057,23961,13.73517,174450
5101,MountainAndSea,1,0.00057,23962,13.73574,174450
5102,moustafab,1,0.00057,23963,13.73631,174450
5103,mouyang,1,0.00057,23964,13.73689,174450
5104,mouzfun,1,0.00057,23965,13.73746,174450
5105,mpbarrett,1,0.00057,23966,13.73803,174450
5106,mpepping,1,0.00057,23967,13.73861,174450
5107,mplzik,1,0.00057,23968,13.73918,174450
5108,mprigge,1,0.00057,23969,13.73975,174450
5109,mqsoh,1,0.00057,23970,13.74033,174450
5110,mradmila,1,0.00057,23971,13.74090,174450
5111,mraghu4,1,0.00057,23972,13.74147,174450
5112,mrak,1,0.00057,23973,13.74205,174450
5113,mraliagha,1,0.00057,23974,13.74262,174450
5114,mrbenosborne,1,0.00057,23975,13.74319,174450
5115,MrYuanZhen,1,0.00057,23976,13.74377,174450
5116,Mr-YYM,1,0.00057,23977,13.74434,174450
5117,mshalmanov,1,0.00057,23978,13.74491,174450
5118,msoisalo,1,0.00057,23979,13.74549,174450
5119,msonnabaum,1,0.00057,23980,13.74606,174450
5120,mssachan,1,0.00057,23981,13.74663,174450
5121,mstachniuk,1,0.00057,23982,13.74721,174450
5122,mstarostik,1,0.00057,23983,13.74778,174450
5123,msteenhu,1,0.00057,23984,13.74835,174450
5124,mtaivalj,1,0.00057,23985,13.74893,174450
5125,mtalalkhan,1,0.00057,23986,13.74950,174450
5126,mtb-xt,1,0.00057,23987,13.75007,174450
5127,mteodori,1,0.00057,23988,13.75064,174450
5128,muansari7275,1,0.00057,23989,13.75122,174450
5129,mujibishola,1,0.00057,23990,13.75179,174450
5130,mukhoakash,1,0.00057,23991,13.75236,174450
5131,Multiply,1,0.00057,23992,13.75294,174450
5132,muneeb-jan,1,0.00057,23993,13.75351,174450
5133,munipravy,1,0.00057,23994,13.75408,174450
5134,muntakim1,1,0.00057,23995,13.75466,174450
5135,Muratbucak,1,0.00057,23996,13.75523,174450
5136,muvster,1,0.00057,23997,13.75580,174450
5137,mvailati84,1,0.00057,23998,13.75638,174450
5138,mvalenzisiAK,1,0.00057,23999,13.75695,174450
5139,mwebber,1,0.00057,24000,13.75752,174450
5140,mwerickso,1,0.00057,24001,13.75810,174450
5141,MXClyde,1,0.00057,24002,13.75867,174450
5142,my1990,1,0.00057,24003,13.75924,174450
5143,mydockergit,1,0.00057,24004,13.75982,174450
5144,MyIgel,1,0.00057,24005,13.76039,174450
5145,mythio,1,0.00057,24006,13.76096,174450
5146,Mythyo1,1,0.00057,24007,13.76154,174450
5147,mytu,1,0.00057,24008,13.76211,174450
5148,n2aws,1,0.00057,24009,13.76268,174450
5149,nadworny,1,0.00057,24010,13.76326,174450
5150,naeriaf,1,0.00057,24011,13.76383,174450
5151,nagaraj200788,1,0.00057,24012,13.76440,174450
5152,nagarajcruze,1,0.00057,24013,13.76498,174450
5153,NagarajGoud,1,0.00057,24014,13.76555,174450
5154,nagarjuna0524,1,0.00057,24015,13.76612,174450
5155,namm2,1,0.00057,24016,13.76670,174450
5156,namneesh16k,1,0.00057,24017,13.76727,174450
5157,nan008,1,0.00057,24018,13.76784,174450
5158,nandrack,1,0.00057,24019,13.76842,174450
5159,nanorobocop,1,0.00057,24020,13.76899,174450
5160,Napoleon0621,1,0.00057,24021,13.76956,174450
5161,nareshadoni1,1,0.00057,24022,13.77013,174450
5162,narmadha956,1,0.00057,24023,13.77071,174450
5163,narthollis,1,0.00057,24024,13.77128,174450
5164,naseem-opal,1,0.00057,24025,13.77185,174450
5165,nataliaGilbertson,1,0.00057,24026,13.77243,174450
5166,NatarajanR,1,0.00057,24027,13.77300,174450
5167,nathan-c,1,0.00057,24028,13.77357,174450
5168,nathanl,1,0.00057,24029,13.77415,174450
5169,nauutilus,1,0.00057,24030,13.77472,174450
5170,ncoonrod,1,0.00057,24031,13.77529,174450
5171,NeckBeardPrince,1,0.00057,24032,13.77587,174450
5172,neerajgrg,1,0.00057,24033,13.77644,174450
5173,neeson-lee,1,0.00057,24034,13.77701,174450
5174,neethu-mohanan,1,0.00057,24035,13.77759,174450
5175,neighbour-oldhuang,1,0.00057,24036,13.77816,174450
5176,nelsonflorez11,1,0.00057,24037,13.77873,174450
5177,nelsonyaccuzzi,1,0.00057,24038,13.77931,174450
5178,Neonox31,1,0.00057,24039,13.77988,174450
5179,neoseele,1,0.00057,24040,13.78045,174450
5180,Nerdsav,1,0.00057,24041,13.78103,174450
5181,Nethminiromina,1,0.00057,24042,13.78160,174450
5182,netkiller,1,0.00057,24043,13.78217,174450
5183,netsnipe,1,0.00057,24044,13.78275,174450
5184,neuliuyin-new,1,0.00057,24045,13.78332,174450
5185,neuqlz,1,0.00057,24046,13.78389,174450
5186,Neurrone,1,0.00057,24047,13.78447,174450
5187,neverexists,1,0.00057,24048,13.78504,174450
5188,nevergone-sc,1,0.00057,24049,13.78561,174450
5189,newbieDatascientist,1,0.00057,24050,13.78619,174450
5190,nexter2606,1,0.00057,24051,13.78676,174450
5191,nfisher,1,0.00057,24052,13.78733,174450
5192,ngmariusz,1,0.00057,24053,13.78790,174450
5193,ngv-nexo,1,0.00057,24054,13.78848,174450
5194,nhomble,1,0.00057,24055,13.78905,174450
5195,nianqiang,1,0.00057,24056,13.78962,174450
5196,nicholaswilde,1,0.00057,24057,13.79020,174450
5197,nickamuchwatt,1,0.00057,24058,13.79077,174450
5198,nick-ivanov-ibm,1,0.00057,24059,13.79134,174450
5199,nicklan,1,0.00057,24060,13.79192,174450
5200,nico0olas,1,0.00057,24061,13.79249,174450
5201,nicolaep,1,0.00057,24062,13.79306,174450
5202,nicoschuck,1,0.00057,24063,13.79364,174450
5203,nieldw,1,0.00057,24064,13.79421,174450
5204,nielsslot,1,0.00057,24065,13.79478,174450
5205,nightmareze1,1,0.00057,24066,13.79536,174450
5206,nightvisi0n,1,0.00057,24067,13.79593,174450
5207,nijave,1,0.00057,24068,13.79650,174450
5208,nik13,1,0.00057,24069,13.79708,174450
5209,niklasR,1,0.00057,24070,13.79765,174450
5210,nilic,1,0.00057,24071,13.79822,174450
5211,nilsonsfj,1,0.00057,24072,13.79880,174450
5212,nirrozenbaum,1,0.00057,24073,13.79937,174450
5213,Nischal2020,1,0.00057,24074,13.79994,174450
5214,nisp94,1,0.00057,24075,13.80052,174450
5215,nistiwar,1,0.00057,24076,13.80109,174450
5216,NitHas89,1,0.00057,24077,13.80166,174450
5217,NitroAMD,1,0.00057,24078,13.80224,174450
5218,nitrocode,1,0.00057,24079,13.80281,174450
5219,niuxiongwen,1,0.00057,24080,13.80338,174450
5220,nivekastoreth,1,0.00057,24081,13.80396,174450
5221,njam,1,0.00057,24082,13.80453,174450
5222,nmarus,1,0.00057,24083,13.80510,174450
5223,nmiodice,1,0.00057,24084,13.80567,174450
5224,noahi,1,0.00057,24085,13.80625,174450
5225,NoBugBoy,1,0.00057,24086,13.80682,174450
5226,nomeelnoj,1,0.00057,24087,13.80739,174450
5227,nomis-rzp,1,0.00057,24088,13.80797,174450
5228,nooop3,1,0.00057,24089,13.80854,174450
5229,nothingofuse,1,0.00057,24090,13.80911,174450
5230,NotWearingPants,1,0.00057,24091,13.80969,174450
5231,NovaHe,1,0.00057,24092,13.81026,174450
5232,novaseekadmin,1,0.00057,24093,13.81083,174450
5233,nsainaney,1,0.00057,24094,13.81141,174450
5234,ntoofu,1,0.00057,24095,13.81198,174450
5235,ntx-ben,1,0.00057,24096,13.81255,174450
5236,nusguoqi,1,0.00057,24097,13.81313,174450
5237,nuved,1,0.00057,24098,13.81370,174450
5238,Nwhouse,1,0.00057,24099,13.81427,174450
5239,nxtof,1,0.00057,24100,13.81485,174450
5240,nyarly,1,0.00057,24101,13.81542,174450
5241,nzncngz,1,0.00057,24102,13.81599,174450
5242,o6uoq,1,0.00057,24103,13.81657,174450
5243,oaicstef,1,0.00057,24104,13.81714,174450
5244,oana-s,1,0.00057,24105,13.81771,174450
5245,obedtandadjaja,1,0.00057,24106,13.81829,174450
5246,ObidiIsaac,1,0.00057,24107,13.81886,174450
5247,oblogic7,1,0.00057,24108,13.81943,174450
5248,oceandengabc,1,0.00057,24109,13.82001,174450
5249,ocervinka,1,0.00057,24110,13.82058,174450
5250,OctavioCore,1,0.00057,24111,13.82115,174450
5251,ognots,1,0.00057,24112,13.82173,174450
5252,oguzhanaygn,1,0.00057,24113,13.82230,174450
5253,OkBeacon,1,0.00057,24114,13.82287,174450
5254,oldbirdgo,1,0.00057,24115,13.82345,174450
5255,olegburov,1,0.00057,24116,13.82402,174450
5256,oleggalimov,1,0.00057,24117,13.82459,174450
5257,olegsa,1,0.00057,24118,13.82516,174450
5258,OleksandrMykytenko,1,0.00057,24119,13.82574,174450
5259,olfway,1,0.00057,24120,13.82631,174450
5260,oliveratutexas,1,0.00057,24121,13.82688,174450
5261,ollipa,1,0.00057,24122,13.82746,174450
5262,OmarSalka,1,0.00057,24123,13.82803,174450
5263,omitrowski,1,0.00057,24124,13.82860,174450
5264,ommehaz,1,0.00057,24125,13.82918,174450
5265,omoolchandani,1,0.00057,24126,13.82975,174450
5266,omzmarlon,1,0.00057,24127,13.83032,174450
5267,onrylmz,1,0.00057,24128,13.83090,174450
5268,ontheway16,1,0.00057,24129,13.83147,174450
5269,Orabig,1,0.00057,24130,13.83204,174450
5270,orondon,1,0.00057,24131,13.83262,174450
5271,orong-pp,1,0.00057,24132,13.83319,174450
5272,OryanOmer,1,0.00057,24133,13.83376,174450
5273,othillo,1,0.00057,24134,13.83434,174450
5274,othmane399,1,0.00057,24135,13.83491,174450
5275,Overbryd,1,0.00057,24136,13.83548,174450
5276,oweise,1,0.00057,24137,13.83606,174450
5277,owenchak,1,0.00057,24138,13.83663,174450
5278,ozmad,1,0.00057,24139,13.83720,174450
5279,p53,1,0.00057,24140,13.83778,174450
5280,paddy-hack,1,0.00057,24141,13.83835,174450
5281,pak11273,1,0.00057,24142,13.83892,174450
5282,paktek123,1,0.00057,24143,13.83950,174450
5283,pal-dinesh23,1,0.00057,24144,13.84007,174450
5284,pananix,1,0.00057,24145,13.84064,174450
5285,pandeysujan-44,1,0.00057,24146,13.84122,174450
5286,paneq,1,0.00057,24147,13.84179,174450
5287,pangwawa,1,0.00057,24148,13.84236,174450
5288,panhaitao,1,0.00057,24149,13.84293,174450
5289,pankaj1278,1,0.00057,24150,13.84351,174450
5290,pantaoran,1,0.00057,24151,13.84408,174450
5291,panva,1,0.00057,24152,13.84465,174450
5292,panzhc,1,0.00057,24153,13.84523,174450
5293,paol,1,0.00057,24154,13.84580,174450
5294,paolofacchinetti,1,0.00057,24155,13.84637,174450
5295,papioyue,1,0.00057,24156,13.84695,174450
5296,pappasam,1,0.00057,24157,13.84752,174450
5297,parekhha,1,0.00057,24158,13.84809,174450
5298,parente,1,0.00057,24159,13.84867,174450
5299,parkaralice,1,0.00057,24160,13.84924,174450
5300,parkerjm,1,0.00057,24161,13.84981,174450
5301,parruda,1,0.00057,24162,13.85039,174450
5302,parthibd,1,0.00057,24163,13.85096,174450
5303,ParthSareen,1,0.00057,24164,13.85153,174450
5304,pascal-hofmann,1,0.00057,24165,13.85211,174450
5305,patelaryan7751,1,0.00057,24166,13.85268,174450
5306,patrijua,1,0.00057,24167,13.85325,174450
5307,patsevanton,1,0.00057,24168,13.85383,174450
5308,pattyphonemany691,1,0.00057,24169,13.85440,174450
5309,pauliuspetka,1,0.00057,24170,13.85497,174450
5310,paulwfield,1,0.00057,24171,13.85555,174450
5311,pavankumar98,1,0.00057,24172,13.85612,174450
5312,pavelgordon,1,0.00057,24173,13.85669,174450
5313,pawelan,1,0.00057,24174,13.85727,174450
5314,pbertera,1,0.00057,24175,13.85784,174450
5315,pbnj,1,0.00057,24176,13.85841,174450
5316,pc-rshetty,1,0.00057,24177,13.85899,174450
5317,pdhung,1,0.00057,24178,13.85956,174450
5318,peddicnu,1,0.00057,24179,13.86013,174450
5319,pedrohmuniz,1,0.00057,24180,13.86071,174450
5320,peimanja,1,0.00057,24181,13.86128,174450
5321,perezjasonr,1,0.00057,24182,13.86185,174450
5322,perk-sumo,1,0.00057,24183,13.86242,174450
5323,persunde,1,0.00057,24184,13.86300,174450
5324,peterfication,1,0.00057,24185,13.86357,174450
5325,PeterIttner,1,0.00057,24186,13.86414,174450
5326,peterldowns,1,0.00057,24187,13.86472,174450
5327,Peter-Steffek,1,0.00057,24188,13.86529,174450
5328,Peterwangyyy,1,0.00057,24189,13.86586,174450
5329,petrknap,1,0.00057,24190,13.86644,174450
5330,pgeez,1,0.00057,24191,13.86701,174450
5331,pgiles,1,0.00057,24192,13.86758,174450
5332,phchoi,1,0.00057,24193,13.86816,174450
5333,phelanma,1,0.00057,24194,13.86873,174450
5334,phelian,1,0.00057,24195,13.86930,174450
5335,philios33,1,0.00057,24196,13.86988,174450
5336,philippevidal80,1,0.00057,24197,13.87045,174450
5337,PhilThurston,1,0.00057,24198,13.87102,174450
5338,phinphing,1,0.00057,24199,13.87160,174450
5339,phuongnamocc,1,0.00057,24200,13.87217,174450
5340,pieeri,1,0.00057,24201,13.87274,174450
5341,piepmatz,1,0.00057,24202,13.87332,174450
5342,pimenvibritania,1,0.00057,24203,13.87389,174450
5343,pingping95,1,0.00057,24204,13.87446,174450
5344,pingtimeout,1,0.00057,24205,13.87504,174450
5345,pinkertonpg,1,0.00057,24206,13.87561,174450
5346,pio2pio,1,0.00057,24207,13.87618,174450
5347,piper41955,1,0.00057,24208,13.87676,174450
5348,pirteac,1,0.00057,24209,13.87733,174450
5349,pjo256,1,0.00057,24210,13.87790,174450
5350,pkoushik,1,0.00057,24211,13.87848,174450
5351,plantegg,1,0.00057,24212,13.87905,174450
5352,plantusd,1,0.00057,24213,13.87962,174450
5353,plusices,1,0.00057,24214,13.88019,174450
5354,pmarreck,1,0.00057,24215,13.88077,174450
5355,pmhahn,1,0.00057,24216,13.88134,174450
5356,pmitra43,1,0.00057,24217,13.88191,174450
5357,pmmalinov01,1,0.00057,24218,13.88249,174450
5358,pnordh,1,0.00057,24219,13.88306,174450
5359,pnutmath,1,0.00057,24220,13.88363,174450
5360,poindexter-1,1,0.00057,24221,13.88421,174450
5361,poliander,1,0.00057,24222,13.88478,174450
5362,polinchw,1,0.00057,24223,13.88535,174450
5363,pommelinho,1,0.00057,24224,13.88593,174450
5364,poornachandratejasvi,1,0.00057,24225,13.88650,174450
5365,PoornimaDevii,1,0.00057,24226,13.88707,174450
5366,popomore,1,0.00057,24227,13.88765,174450
5367,pordaniel01,1,0.00057,24228,13.88822,174450
5368,PorkCharsui79,1,0.00057,24229,13.88879,174450
5369,porrascarlos802018,1,0.00057,24230,13.88937,174450
5370,PovarovDenis,1,0.00057,24231,13.88994,174450
5371,pow-devops2020,1,0.00057,24232,13.89051,174450
5372,Prabhav-Thali,1,0.00057,24233,13.89109,174450
5373,prabirkumardhar,1,0.00057,24234,13.89166,174450
5374,prabsdubey,1,0.00057,24235,13.89223,174450
5375,pradeepnnv,1,0.00057,24236,13.89281,174450
5376,pradvenkat,1,0.00057,24237,13.89338,174450
5377,prafull11,1,0.00057,24238,13.89395,174450
5378,praisethejack,1,0.00057,24239,13.89453,174450
5379,prakashkl88,1,0.00057,24240,13.89510,174450
5380,PrakashTrove,1,0.00057,24241,13.89567,174450
5381,pramod3009,1,0.00057,24242,13.89625,174450
5382,pramodrj07,1,0.00057,24243,13.89682,174450
5383,praneshshzl,1,0.00057,24244,13.89739,174450
5384,prasanth595,1,0.00057,24245,13.89797,174450
5385,praveen-mummasani,1,0.00057,24246,13.89854,174450
5386,pravin-singhal,1,0.00057,24247,13.89911,174450
5387,praxist,1,0.00057,24248,13.89968,174450
5388,prbsparx,1,0.00057,24249,13.90026,174450
5389,preetamsahu,1,0.00057,24250,13.90083,174450
5390,prein,1,0.00057,24251,13.90140,174450
5391,preraktiwari,1,0.00057,24252,13.90198,174450
5392,prios-peter-olivo,1,0.00057,24253,13.90255,174450
5393,Prithvipal,1,0.00057,24254,13.90312,174450
5394,priyanka19-98,1,0.00057,24255,13.90370,174450
5395,prmis,1,0.00057,24256,13.90427,174450
5396,prolificeric,1,0.00057,24257,13.90484,174450
5397,ProteanCode,1,0.00057,24258,13.90542,174450
5398,Prototik,1,0.00057,24259,13.90599,174450
5399,PSANGAN,1,0.00057,24260,13.90656,174450
5400,pshanoop,1,0.00057,24261,13.90714,174450
5401,ptramsey,1,0.00057,24262,13.90771,174450
5402,pulish,1,0.00057,24263,13.90828,174450
5403,PuneeshMotwani,1,0.00057,24264,13.90886,174450
5404,puneetkatyal,1,0.00057,24265,13.90943,174450
5405,pvsousalima,1,0.00057,24266,13.91000,174450
5406,pwalters04,1,0.00057,24267,13.91058,174450
5407,pyramation,1,0.00057,24268,13.91115,174450
5408,pythonebasta,1,0.00057,24269,13.91172,174450
5409,pytimer,1,0.00057,24270,13.91230,174450
5410,pzocchi,1,0.00057,24271,13.91287,174450
5411,pzou1974,1,0.00057,24272,13.91344,174450
5412,qadet123,1,0.00057,24273,13.91402,174450
5413,QaiserAli,1,0.00057,24274,13.91459,174450
5414,Qeas,1,0.00057,24275,13.91516,174450
5415,qfny88,1,0.00057,24276,13.91574,174450
5416,qiang93,1,0.00057,24277,13.91631,174450
5417,qinmaye,1,0.00057,24278,13.91688,174450
5418,qiuhongshuai,1,0.00057,24279,13.91745,174450
5419,qixiaobo,1,0.00057,24280,13.91803,174450
5420,qiyongxiao,1,0.00057,24281,13.91860,174450
5421,qiyuxin,1,0.00057,24282,13.91917,174450
5422,QizhouYang,1,0.00057,24283,13.91975,174450
5423,qq282485068,1,0.00057,24284,13.92032,174450
5424,qsyqian,1,0.00057,24285,13.92089,174450
5425,Quanalogy,1,0.00057,24286,13.92147,174450
5426,Quantas,1,0.00057,24287,13.92204,174450
5427,quentinalbertone,1,0.00057,24288,13.92261,174450
5428,QUSHLEE,1,0.00057,24289,13.92319,174450
5429,qwerty10110,1,0.00057,24290,13.92376,174450
5430,qwzhou89,1,0.00057,24291,13.92433,174450
5431,r0b6,1,0.00057,24292,13.92491,174450
5432,r3d3mpt10n,1,0.00057,24293,13.92548,174450
5433,r3dback,1,0.00057,24294,13.92605,174450
5434,r3econ,1,0.00057,24295,13.92663,174450
5435,rach-sharp,1,0.00057,24296,13.92720,174450
5436,rafaelpereyra,1,0.00057,24297,13.92777,174450
5437,rafi-greenberg,1,0.00057,24298,13.92835,174450
5438,rafis,1,0.00057,24299,13.92892,174450
5439,raghuchahar007,1,0.00057,24300,13.92949,174450
5440,raghuP9,1,0.00057,24301,13.93007,174450
5441,ragunathan23,1,0.00057,24302,13.93064,174450
5442,rahul799,1,0.00057,24303,13.93121,174450
5443,railgadi,1,0.00057,24304,13.93179,174450
5444,raimundogomes,1,0.00057,24305,13.93236,174450
5445,RainingNight,1,0.00057,24306,13.93293,174450
5446,raiz-manjur,1,0.00057,24307,13.93351,174450
5447,rajeshdannina,1,0.00057,24308,13.93408,174450
5448,rajsshah86,1,0.00057,24309,13.93465,174450
5449,rakhee-balaraman,1,0.00057,24310,13.93522,174450
5450,RakibFiha,1,0.00057,24311,13.93580,174450
5451,RamanaChowdam,1,0.00057,24312,13.93637,174450
5452,ramoncabrera,1,0.00057,24313,13.93694,174450
5453,ramrengaswamy,1,0.00057,24314,13.93752,174450
5454,randallt,1,0.00057,24315,13.93809,174450
5455,Randikaviraj,1,0.00057,24316,13.93866,174450
5456,RandomGHUser,1,0.00057,24317,13.93924,174450
5457,ranjitvaradi,1,0.00057,24318,13.93981,174450
5458,raoul29,1,0.00057,24319,13.94038,174450
5459,raphael-bos,1,0.00057,24320,13.94096,174450
5460,rashmilengade,1,0.00057,24321,13.94153,174450
5461,rashmip22,1,0.00057,24322,13.94210,174450
5462,rasisuku,1,0.00057,24323,13.94268,174450
5463,raunyoliveira-hotmart,1,0.00057,24324,13.94325,174450
5464,ravanapel,1,0.00057,24325,13.94382,174450
5465,ravirajrk,1,0.00057,24326,13.94440,174450
5466,ravvy00,1,0.00057,24327,13.94497,174450
5467,rawmind0,1,0.00057,24328,13.94554,174450
5468,rawon,1,0.00057,24329,13.94612,174450
5469,rayway30419,1,0.00057,24330,13.94669,174450
5470,recentcoin,1,0.00057,24331,13.94726,174450
5471,rechandler12,1,0.00057,24332,13.94784,174450
5472,Red-C,1,0.00057,24333,13.94841,174450
5473,Reddy1990,1,0.00057,24334,13.94898,174450
5474,Redm0nd,1,0.00057,24335,13.94956,174450
5475,regorsmitz,1,0.00057,24336,13.95013,174450
5476,Rehan290,1,0.00057,24337,13.95070,174450
5477,rektide,1,0.00057,24338,13.95128,174450
5478,relyt0925,1,0.00057,24339,13.95185,174450
5479,remche,1,0.00057,24340,13.95242,174450
5480,renanrider,1,0.00057,24341,13.95300,174450
5481,RenaudDemarneffe,1,0.00057,24342,13.95357,174450
5482,rendler-denis,1,0.00057,24343,13.95414,174450
5483,reselbobasg,1,0.00057,24344,13.95471,174450
5484,restanrm,1,0.00057,24345,13.95529,174450
5485,rexrod,1,0.00057,24346,13.95586,174450
5486,rforrizwan55,1,0.00057,24347,13.95643,174450
5487,rhzs,1,0.00057,24348,13.95701,174450
5488,ricardopt,1,0.00057,24349,13.95758,174450
5489,rick-pri,1,0.00057,24350,13.95815,174450
5490,Rickyf115,1,0.00057,24351,13.95873,174450
5491,Rick-yi,1,0.00057,24352,13.95930,174450
5492,rickysway,1,0.00057,24353,13.95987,174450
5493,Riley-sohn,1,0.00057,24354,13.96045,174450
5494,Rimobul,1,0.00057,24355,13.96102,174450
5495,riteshnaik,1,0.00057,24356,13.96159,174450
5496,ritheshgm,1,0.00057,24357,13.96217,174450
5497,Rittu21,1,0.00057,24358,13.96274,174450
5498,ritubajaj889,1,0.00057,24359,13.96331,174450
5499,rizwanzaheer,1,0.00057,24360,13.96389,174450
5500,rjc-123456,1,0.00057,24361,13.96446,174450
5501,rjnshch,1,0.00057,24362,13.96503,174450
5502,rjtokenring,1,0.00057,24363,13.96561,174450
5503,rjunior069,1,0.00057,24364,13.96618,174450
5504,rkachach,1,0.00057,24365,13.96675,174450
5505,Rmond,1,0.00057,24366,13.96733,174450
5506,rmykhailiuk,1,0.00057,24367,13.96790,174450
5507,rnantes,1,0.00057,24368,13.96847,174450
5508,RobertGary2,1,0.00057,24369,13.96905,174450
5509,robertogyn19,1,0.00057,24370,13.96962,174450
5510,robrys,1,0.00057,24371,13.97019,174450
5511,rodalli,1,0.00057,24372,13.97077,174450
5512,Roderick-Jonsson,1,0.00057,24373,13.97134,174450
5513,rohanme,1,0.00057,24374,13.97191,174450
5514,rohitchavan04121995,1,0.00057,24375,13.97248,174450
5515,rohitpc363,1,0.00057,24376,13.97306,174450
5516,rohitshaw892,1,0.00057,24377,13.97363,174450
5517,rojinsafavi,1,0.00057,24378,13.97420,174450
5518,rolandabt,1,0.00057,24379,13.97478,174450
5519,R-omk,1,0.00057,24380,13.97535,174450
5520,ronaldploeger,1,0.00057,24381,13.97592,174450
5521,ronlut,1,0.00057,24382,13.97650,174450
5522,rono4321,1,0.00057,24383,13.97707,174450
5523,roock,1,0.00057,24384,13.97764,174450
5524,roshan8,1,0.00057,24385,13.97822,174450
5525,rpagliuca,1,0.00057,24386,13.97879,174450
5526,RR90,1,0.00057,24387,13.97936,174450
5527,rra,1,0.00057,24388,13.97994,174450
5528,rrajarap,1,0.00057,24389,13.98051,174450
5529,rraraujo,1,0.00057,24390,13.98108,174450
5530,rrichardson,1,0.00057,24391,13.98166,174450
5531,rsaffi,1,0.00057,24392,13.98223,174450
5532,rsleem,1,0.00057,24393,13.98280,174450
5533,RSwarnkar,1,0.00057,24394,13.98338,174450
5534,rubenpurple,1,0.00057,24395,13.98395,174450
5535,rubensayshi,1,0.00057,24396,13.98452,174450
5536,rubenstolk,1,0.00057,24397,13.98510,174450
5537,rubenvales,1,0.00057,24398,13.98567,174450
5538,ruchikaguptaa,1,0.00057,24399,13.98624,174450
5539,rudrabisht,1,0.00057,24400,13.98682,174450
5540,rudy2steiner,1,0.00057,24401,13.98739,174450
5541,RudyBone,1,0.00057,24402,13.98796,174450
5542,rufreakde,1,0.00057,24403,13.98854,174450
5543,Rui-Tang,1,0.00057,24404,13.98911,174450
5544,runzhen,1,0.00057,24405,13.98968,174450
5545,russurquhart1,1,0.00057,24406,13.99026,174450
5546,rusyasoft,1,0.00057,24407,13.99083,174450
5547,rvdhiver,1,0.00057,24408,13.99140,174450
5548,rwenz3l,1,0.00057,24409,13.99197,174450
5549,rxwang662001,1,0.00057,24410,13.99255,174450
5550,ryan109,1,0.00057,24411,13.99312,174450
5551,ryan4yin,1,0.00057,24412,13.99369,174450
5552,ryanberger-az,1,0.00057,24413,13.99427,174450
5553,ryanli-me,1,0.00057,24414,13.99484,174450
5554,RyanW02,1,0.00057,24415,13.99541,174450
5555,RyuSA,1,0.00057,24416,13.99599,174450
5556,s1dequest,1,0.00057,24417,13.99656,174450
5557,sacgoel,1,0.00057,24418,13.99713,174450
5558,saehan-suh,1,0.00057,24419,13.99771,174450
5559,sagarmujumale,1,0.00057,24420,13.99828,174450
5560,saiharshitachava,1,0.00057,24421,13.99885,174450
5561,sailod,1,0.00057,24422,13.99943,174450
5562,saipraveen-a,1,0.00057,24423,14.00000,174450
5563,saksham-git,1,0.00057,24424,14.00057,174450
5564,saltbo,1,0.00057,24425,14.00115,174450
5565,sam3d,1,0.00057,24426,14.00172,174450
5566,sameer8991,1,0.00057,24427,14.00229,174450
5567,sameerraj362000,1,0.00057,24428,14.00287,174450
5568,Sami-svmx,1,0.00057,24429,14.00344,174450
5569,SamLab17,1,0.00057,24430,14.00401,174450
5570,SamLR,1,0.00057,24431,14.00459,174450
5571,sampaddemo,1,0.00057,24432,14.00516,174450
5572,samsalmi,1,0.00057,24433,14.00573,174450
5573,samtoi,1,0.00057,24434,14.00631,174450
5574,SamuelBagattin,1,0.00057,24435,14.00688,174450
5575,samvdkris,1,0.00057,24436,14.00745,174450
5576,SanchezjCoronado,1,0.00057,24437,14.00803,174450
5577,sandeepnanda2,1,0.00057,24438,14.00860,174450
5578,sandhya123-max,1,0.00057,24439,14.00917,174450
5579,sandinak,1,0.00057,24440,14.00974,174450
5580,sandyharvie,1,0.00057,24441,14.01032,174450
5581,Sanghamitra-BEAGILE,1,0.00057,24442,14.01089,174450
5582,sanitariu,1,0.00057,24443,14.01146,174450
5583,SankarMittapally,1,0.00057,24444,14.01204,174450
5584,santh5858,1,0.00057,24445,14.01261,174450
5585,santoo1116,1,0.00057,24446,14.01318,174450
5586,Sapd,1,0.00057,24447,14.01376,174450
5587,saraAlizadeh,1,0.00057,24448,14.01433,174450
5588,sarbajitdutta,1,0.00057,24449,14.01490,174450
5589,sarthak-sriw,1,0.00057,24450,14.01548,174450
5590,SAshish19,1,0.00057,24451,14.01605,174450
5591,saswatac,1,0.00057,24452,14.01662,174450
5592,saul-gush,1,0.00057,24453,14.01720,174450
5593,Saumiya-Ranjan,1,0.00057,24454,14.01777,174450
5594,saurabhcs,1,0.00057,24455,14.01834,174450
5595,saurabhIU,1,0.00057,24456,14.01892,174450
5596,sausagee,1,0.00057,24457,14.01949,174450
5597,SaveethaRavi,1,0.00057,24458,14.02006,174450
5598,savi0r,1,0.00057,24459,14.02064,174450
5599,Savvy-Wadhwani,1,0.00057,24460,14.02121,174450
5600,SawyerLan,1,0.00057,24461,14.02178,174450
5601,sbiermann,1,0.00057,24462,14.02236,174450
5602,sbkg0002,1,0.00057,24463,14.02293,174450
5603,sbuzonas,1,0.00057,24464,14.02350,174450
5604,ScalaWilliam,1,0.00057,24465,14.02408,174450
5605,scarby,1,0.00057,24466,14.02465,174450
5606,scDisorder,1,0.00057,24467,14.02522,174450
5607,schizoid90,1,0.00057,24468,14.02580,174450
5608,schlauerlauer,1,0.00057,24469,14.02637,174450
5609,Sckmo,1,0.00057,24470,14.02694,174450
5610,SCLogo,1,0.00057,24471,14.02752,174450
5611,scolbeck,1,0.00057,24472,14.02809,174450
5612,scones,1,0.00057,24473,14.02866,174450
5613,scoof,1,0.00057,24474,14.02923,174450
5614,scotato,1,0.00057,24475,14.02981,174450
5615,scottdhowell3,1,0.00057,24476,14.03038,174450
5616,scottmalkie,1,0.00057,24477,14.03095,174450
5617,scottweitzner,1,0.00057,24478,14.03153,174450
5618,scpxin,1,0.00057,24479,14.03210,174450
5619,scq355,1,0.00057,24480,14.03267,174450
5620,scsinke,1,0.00057,24481,14.03325,174450
5621,sdputurn,1,0.00057,24482,14.03382,174450
5622,sdrush-mw,1,0.00057,24483,14.03439,174450
5623,Seandeng12,1,0.00057,24484,14.03497,174450
5624,seanho00,1,0.00057,24485,14.03554,174450
5625,seanybaggins,1,0.00057,24486,14.03611,174450
5626,sebanazarian,1,0.00057,24487,14.03669,174450
5627,Sebosek,1,0.00057,24488,14.03726,174450
5628,sebradloff,1,0.00057,24489,14.03783,174450
5629,sebsanchez,1,0.00057,24490,14.03841,174450
5630,self-tuts,1,0.00057,24491,14.03898,174450
5631,semoac,1,0.00057,24492,14.03955,174450
5632,senpot,1,0.00057,24493,14.04013,174450
5633,sentinel09,1,0.00057,24494,14.04070,174450
5634,sep76,1,0.00057,24495,14.04127,174450
5635,sepulworld,1,0.00057,24496,14.04185,174450
5636,sergii-koshel-exa,1,0.00057,24497,14.04242,174450
5637,SergLeontiev,1,0.00057,24498,14.04299,174450
5638,serhei,1,0.00057,24499,14.04357,174450
5639,SeungHyeonShin,1,0.00057,24500,14.04414,174450
5640,sfph,1,0.00057,24501,14.04471,174450
5641,sgatdell,1,0.00057,24502,14.04529,174450
5642,sgermanserrano,1,0.00057,24503,14.04586,174450
5643,sgltkn,1,0.00057,24504,14.04643,174450
5644,sgnzg,1,0.00057,24505,14.04700,174450
5645,sgops,1,0.00057,24506,14.04758,174450
5646,sgrzebieta,1,0.00057,24507,14.04815,174450
5647,Sh4kE,1,0.00057,24508,14.04872,174450
5648,shaase-ctrl,1,0.00057,24509,14.04930,174450
5649,shachar-ash,1,0.00057,24510,14.04987,174450
5650,ShahidAttari26,1,0.00057,24511,14.05044,174450
5651,shaikhahad18,1,0.00057,24512,14.05102,174450
5652,Shaked,1,0.00057,24513,14.05159,174450
5653,shakthi-manai,1,0.00057,24514,14.05216,174450
5654,shakuzen,1,0.00057,24515,14.05274,174450
5655,shalomcbouncex,1,0.00057,24516,14.05331,174450
5656,shanarvs,1,0.00057,24517,14.05388,174450
5657,shaneqld,1,0.00057,24518,14.05446,174450
5658,shankarsundaram,1,0.00057,24519,14.05503,174450
5659,shaozi,1,0.00057,24520,14.05560,174450
5660,sharmababu,1,0.00057,24521,14.05618,174450
5661,shashank11p,1,0.00057,24522,14.05675,174450
5662,Shashankft9,1,0.00057,24523,14.05732,174450
5663,ShawnBian,1,0.00057,24524,14.05790,174450
5664,shayanjalil,1,0.00057,24525,14.05847,174450
5665,sheeeng,1,0.00057,24526,14.05904,174450
5666,sheetalsingala,1,0.00057,24527,14.05962,174450
5667,Shivkumar13,1,0.00057,24528,14.06019,174450
5668,shiwano,1,0.00057,24529,14.06076,174450
5669,shizhyy,1,0.00057,24530,14.06134,174450
5670,shlomibendavid,1,0.00057,24531,14.06191,174450
5671,sho-abe,1,0.00057,24532,14.06248,174450
5672,shreben,1,0.00057,24533,14.06306,174450
5673,shreyagr,1,0.00057,24534,14.06363,174450
5674,shreyanshjain806,1,0.00057,24535,14.06420,174450
5675,shrivastavshubham34,1,0.00057,24536,14.06478,174450
5676,shrutip32,1,0.00057,24537,14.06535,174450
5677,shtamura,1,0.00057,24538,14.06592,174450
5678,shubhamdang,1,0.00057,24539,14.06649,174450
5679,shubhamdixit863,1,0.00057,24540,14.06707,174450
5680,shubhamrajvanshi,1,0.00057,24541,14.06764,174450
5681,ShuZhong,1,0.00057,24542,14.06821,174450
5682,sikmike,1,0.00057,24543,14.06879,174450
5683,silvez-dh,1,0.00057,24544,14.06936,174450
5684,simbamarufu1,1,0.00057,24545,14.06993,174450
5685,simon-anz,1,0.00057,24546,14.07051,174450
5686,simone201,1,0.00057,24547,14.07108,174450
5687,simon-swanson-leapyear,1,0.00057,24548,14.07165,174450
5688,simransharmarajni,1,0.00057,24549,14.07223,174450
5689,sindrepm,1,0.00057,24550,14.07280,174450
5690,SinghDivneet,1,0.00057,24551,14.07337,174450
5691,SingularBunny,1,0.00057,24552,14.07395,174450
5692,sirinibin,1,0.00057,24553,14.07452,174450
5693,sjentzsch,1,0.00057,24554,14.07509,174450
5694,Skillshot,1,0.00057,24555,14.07567,174450
5695,Skitionek,1,0.00057,24556,14.07624,174450
5696,skob,1,0.00057,24557,14.07681,174450
5697,skulos,1,0.00057,24558,14.07739,174450
5698,skyfirst93,1,0.00057,24559,14.07796,174450
5699,skyward-luke,1,0.00057,24560,14.07853,174450
5700,slaurencelle,1,0.00057,24561,14.07911,174450
5701,slb5427,1,0.00057,24562,14.07968,174450
5702,sleekweasel,1,0.00057,24563,14.08025,174450
5703,SleeplessByte,1,0.00057,24564,14.08083,174450
5704,sleeyax,1,0.00057,24565,14.08140,174450
5705,sleshchenko,1,0.00057,24566,14.08197,174450
5706,Slutzky,1,0.00057,24567,14.08255,174450
5707,slwon,1,0.00057,24568,14.08312,174450
5708,smarkwell,1,0.00057,24569,14.08369,174450
5709,smartbenson1,1,0.00057,24570,14.08426,174450
5710,smartkuk,1,0.00057,24571,14.08484,174450
5711,smartservice-energy,1,0.00057,24572,14.08541,174450
5712,smartwang,1,0.00057,24573,14.08598,174450
5713,smartxff,1,0.00057,24574,14.08656,174450
5714,smaslennikov,1,0.00057,24575,14.08713,174450
5715,smehboub-dkt,1,0.00057,24576,14.08770,174450
5716,smekkley,1,0.00057,24577,14.08828,174450
5717,smerkerg,1,0.00057,24578,14.08885,174450
5718,smijolovic,1,0.00057,24579,14.08942,174450
5719,SmilingNavern,1,0.00057,24580,14.09000,174450
5720,smitaraut,1,0.00057,24581,14.09057,174450
5721,smithysmithy,1,0.00057,24582,14.09114,174450
5722,smo921,1,0.00057,24583,14.09172,174450
5723,smuve1,1,0.00057,24584,14.09229,174450
5724,smyrman,1,0.00057,24585,14.09286,174450
5725,sn003,1,0.00057,24586,14.09344,174450
5726,snd3r,1,0.00057,24587,14.09401,174450
5727,snehap25,1,0.00057,24588,14.09458,174450
5728,Snehapriya9955,1,0.00057,24589,14.09516,174450
5729,snowmansora,1,0.00057,24590,14.09573,174450
5730,snzip,1,0.00057,24591,14.09630,174450
5731,sofiastockholmcode,1,0.00057,24592,14.09688,174450
5732,SohamJ,1,0.00057,24593,14.09745,174450
5733,som-nitjsr,1,0.00057,24594,14.09802,174450
5734,sonaysevik,1,0.00057,24595,14.09860,174450
5735,song-jiang,1,0.00057,24596,14.09917,174450
5736,sonogithub,1,0.00057,24597,14.09974,174450
5737,sonuchauhan1597,1,0.00057,24598,14.10032,174450
5738,sorushsaghari,1,0.00057,24599,14.10089,174450
5739,SoulSkare,1,0.00057,24600,14.10146,174450
5740,sourabhsingh282,1,0.00057,24601,14.10203,174450
5741,sourcedelica,1,0.00057,24602,14.10261,174450
5742,sowhatim,1,0.00057,24603,14.10318,174450
5743,soygalla,1,0.00057,24604,14.10375,174450
5744,spanky-medal,1,0.00057,24605,14.10433,174450
5745,Spartanrohit,1,0.00057,24606,14.10490,174450
5746,SpectralHiss,1,0.00057,24607,14.10547,174450
5747,SphereBread,1,0.00057,24608,14.10605,174450
5748,spicysomtam,1,0.00057,24609,14.10662,174450
5749,spillarlive,1,0.00057,24610,14.10719,174450
5750,spitfire55,1,0.00057,24611,14.10777,174450
5751,spluf,1,0.00057,24612,14.10834,174450
5752,spohner,1,0.00057,24613,14.10891,174450
5753,spommerening,1,0.00057,24614,14.10949,174450
5754,sptmhall,1,0.00057,24615,14.11006,174450
5755,spurum1008,1,0.00057,24616,14.11063,174450
5756,sramkrishna,1,0.00057,24617,14.11121,174450
5757,sravano9,1,0.00057,24618,14.11178,174450
5758,sravanpatro,1,0.00057,24619,14.11235,174450
5759,sreekanthadari,1,0.00057,24620,14.11293,174450
5760,sreenigaddam77,1,0.00057,24621,14.11350,174450
5761,srhb,1,0.00057,24622,14.11407,174450
5762,sriharshakx,1,0.00057,24623,14.11465,174450
5763,srikanthramamurthy,1,0.00057,24624,14.11522,174450
5764,srinathkm,1,0.00057,24625,14.11579,174450
5765,srknc,1,0.00057,24626,14.11637,174450
5766,ssadok,1,0.00057,24627,14.11694,174450
5767,sschne,1,0.00057,24628,14.11751,174450
5768,ssquan,1,0.00057,24629,14.11809,174450
5769,sstuntman,1,0.00057,24630,14.11866,174450
5770,starcraft66,1,0.00057,24631,14.11923,174450
5771,startappdevops,1,0.00057,24632,14.11981,174450
5772,steeling,1,0.00057,24633,14.12038,174450
5773,stefanloerwald,1,0.00057,24634,14.12095,174450
5774,stefanm8,1,0.00057,24635,14.12152,174450
5775,StefanS111,1,0.00057,24636,14.12210,174450
5776,steffenb91,1,0.00057,24637,14.12267,174450
5777,stepanselyuk,1,0.00057,24638,14.12324,174450
5778,stephanwesten,1,0.00057,24639,14.12382,174450
5779,stephenharris,1,0.00057,24640,14.12439,174450
5780,stephenrwalli,1,0.00057,24641,14.12496,174450
5781,sterman,1,0.00057,24642,14.12554,174450
5782,stevelacy,1,0.00057,24643,14.12611,174450
5783,StevenLou,1,0.00057,24644,14.12668,174450
5784,steveQuadros,1,0.00057,24645,14.12726,174450
5785,StiviiK,1,0.00057,24646,14.12783,174450
5786,stranljip,1,0.00057,24647,14.12840,174450
5787,strictnerd,1,0.00057,24648,14.12898,174450
5788,strigona-worksight,1,0.00057,24649,14.12955,174450
5789,strmdvr,1,0.00057,24650,14.13012,174450
5790,stupidlamo,1,0.00057,24651,14.13070,174450
5791,suauk,1,0.00057,24652,14.13127,174450
5792,subhankarc,1,0.00057,24653,14.13184,174450
5793,subhrang,1,0.00057,24654,14.13242,174450
5794,sudechun,1,0.00057,24655,14.13299,174450
5795,sudip-moengage,1,0.00057,24656,14.13356,174450
5796,sudochop,1,0.00057,24657,14.13414,174450
5797,sudswasavi,1,0.00057,24658,14.13471,174450
5798,suhavan-gupta,1,0.00057,24659,14.13528,174450
5799,suhsil-streammarket,1,0.00057,24660,14.13586,174450
5800,sujithg9,1,0.00057,24661,14.13643,174450
5801,suket22,1,0.00057,24662,14.13700,174450
5802,sulochan,1,0.00057,24663,14.13758,174450
5803,sumanp89,1,0.00057,24664,14.13815,174450
5804,sunhaolin,1,0.00057,24665,14.13872,174450
5805,suniljaswal,1,0.00057,24666,14.13929,174450
5806,Sunit25,1,0.00057,24667,14.13987,174450
5807,sunnoy,1,0.00057,24668,14.14044,174450
5808,sunstonesecure-robert,1,0.00057,24669,14.14101,174450
5809,supersaeyan,1,0.00057,24670,14.14159,174450
5810,SureshPaspula,1,0.00057,24671,14.14216,174450
5811,surj-bains,1,0.00057,24672,14.14273,174450
5812,Sushant012,1,0.00057,24673,14.14331,174450
5813,svallala,1,0.00057,24674,14.14388,174450
5814,SvenMW,1,0.00057,24675,14.14445,174450
5815,sventi555,1,0.00057,24676,14.14503,174450
5816,svzieg,1,0.00057,24677,14.14560,174450
5817,swhan91,1,0.00057,24678,14.14617,174450
5818,sxd,1,0.00057,24679,14.14675,174450
5819,Syed-Saifulla,1,0.00057,24680,14.14732,174450
5820,symanovich-a,1,0.00057,24681,14.14789,174450
5821,syntheticgio,1,0.00057,24682,14.14847,174450
5822,sysadmiral,1,0.00057,24683,14.14904,174450
5823,system-dev-formations,1,0.00057,24684,14.14961,174450
5824,SystemicEmotions,1,0.00057,24685,14.15019,174450
5825,syvanen,1,0.00057,24686,14.15076,174450
5826,szarnyasg,1,0.00057,24687,14.15133,174450
5827,szengerle,1,0.00057,24688,14.15191,174450
5828,szeort,1,0.00057,24689,14.15248,174450
5829,T00mm,1,0.00057,24690,14.15305,174450
5830,t051506,1,0.00057,24691,14.15363,174450
5831,taciomcosta,1,0.00057,24692,14.15420,174450
5832,taiidani,1,0.00057,24693,14.15477,174450
5833,taishin,1,0.00057,24694,14.15535,174450
5834,taitelman,1,0.00057,24695,14.15592,174450
5835,takamori-tech,1,0.00057,24696,14.15649,174450
5836,takeoffnyc,1,0.00057,24697,14.15707,174450
5837,tal47,1,0.00057,24698,14.15764,174450
5838,talal,1,0.00057,24699,14.15821,174450
5839,talalatpixlee,1,0.00057,24700,14.15878,174450
5840,TangRufus,1,0.00057,24701,14.15936,174450
5841,tangweihua163,1,0.00057,24702,14.15993,174450
5842,tanmayakp,1,0.00057,24703,14.16050,174450
5843,tanmayi2010,1,0.00057,24704,14.16108,174450
5844,tanujd11,1,0.00057,24705,14.16165,174450
5845,tartakynov,1,0.00057,24706,14.16222,174450
5846,tarun9715m,1,0.00057,24707,14.16280,174450
5847,tarunwadhwa13,1,0.00057,24708,14.16337,174450
5848,taryodor,1,0.00057,24709,14.16394,174450
5849,tatellos,1,0.00057,24710,14.16452,174450
5850,taybur43,1,0.00057,24711,14.16509,174450
5851,tcmichael,1,0.00057,24712,14.16566,174450
5852,Tcooop,1,0.00057,24713,14.16624,174450
5853,TC-robV,1,0.00057,24714,14.16681,174450
5854,tculp,1,0.00057,24715,14.16738,174450
5855,tdensmore,1,0.00057,24716,14.16796,174450
5856,tdwyer,1,0.00057,24717,14.16853,174450
5857,techcloudim,1,0.00057,24718,14.16910,174450
5858,TechnicalMercenary,1,0.00057,24719,14.16968,174450
5859,tehleet,1,0.00057,24720,14.17025,174450
5860,tempacct4q,1,0.00057,24721,14.17082,174450
5861,teppokauppinen,1,0.00057,24722,14.17140,174450
5862,tetsun,1,0.00057,24723,14.17197,174450
5863,tgelter,1,0.00057,24724,14.17254,174450
5864,tgross,1,0.00057,24725,14.17312,174450
5865,thande,1,0.00057,24726,14.17369,174450
5866,thangavel-projects,1,0.00057,24727,14.17426,174450
5867,thanhvoquang,1,0.00057,24728,14.17484,174450
5868,ThaSami,1,0.00057,24729,14.17541,174450
5869,thatInfrastructureGuy,1,0.00057,24730,14.17598,174450
5870,TheAggressive,1,0.00057,24731,14.17655,174450
5871,TheBeatles1994,1,0.00057,24732,14.17713,174450
5872,thebinary,1,0.00057,24733,14.17770,174450
5873,thedarkwriter,1,0.00057,24734,14.17827,174450
5874,thedevilsvoice,1,0.00057,24735,14.17885,174450
5875,TheEnbyperor,1,0.00057,24736,14.17942,174450
5876,themightychris,1,0.00057,24737,14.17999,174450
5877,TheMisir,1,0.00057,24738,14.18057,174450
5878,Theoi-Meteoroi,1,0.00057,24739,14.18114,174450
5879,thepoppingone,1,0.00057,24740,14.18171,174450
5880,TheRealDwright,1,0.00057,24741,14.18229,174450
5881,thernstig,1,0.00057,24742,14.18286,174450
5882,therzv,1,0.00057,24743,14.18343,174450
5883,thetechnick,1,0.00057,24744,14.18401,174450
5884,thiagoyeds,1,0.00057,24745,14.18458,174450
5885,thien-enouvo,1,0.00057,24746,14.18515,174450
5886,thien-hoang,1,0.00057,24747,14.18573,174450
5887,Thijs-AAHG,1,0.00057,24748,14.18630,174450
5888,thisguy334,1,0.00057,24749,14.18687,174450
5889,ThisGuyCodes,1,0.00057,24750,14.18745,174450
5890,Thor-wl,1,0.00057,24751,14.18802,174450
5891,thrixton,1,0.00057,24752,14.18859,174450
5892,TiagoJMartins,1,0.00057,24753,14.18917,174450
5893,TiagoTT,1,0.00057,24754,14.18974,174450
5894,tiarebalbi,1,0.00057,24755,14.19031,174450
5895,tibers,1,0.00057,24756,14.19089,174450
5896,ticpu,1,0.00057,24757,14.19146,174450
5897,TiDao,1,0.00057,24758,14.19203,174450
5898,tijldullers,1,0.00057,24759,14.19261,174450
5899,TiLogic,1,0.00057,24760,14.19318,174450
5900,timcruciano,1,0.00057,24761,14.19375,174450
5901,Timoses,1,0.00057,24762,14.19433,174450
5902,timosmit,1,0.00057,24763,14.19490,174450
5903,timothyb89,1,0.00057,24764,14.19547,174450
5904,tivizi,1,0.00057,24765,14.19604,174450
5905,tjanh123,1,0.00057,24766,14.19662,174450
5906,tkoeck,1,0.00057,24767,14.19719,174450
5907,tleish,1,0.00057,24768,14.19776,174450
5908,tlkanthan2020,1,0.00057,24769,14.19834,174450
5909,t-lo,1,0.00057,24770,14.19891,174450
5910,tm1810,1,0.00057,24771,14.19948,174450
5911,tmongkolsmai,1,0.00057,24772,14.20006,174450
5912,tobias-huebner,1,0.00057,24773,14.20063,174450
5913,tokers,1,0.00057,24774,14.20120,174450
5914,toluwaanimi,1,0.00057,24775,14.20178,174450
5915,tomasaschan,1,0.00057,24776,14.20235,174450
5916,tomaszgawlik,1,0.00057,24777,14.20292,174450
5917,TomaszKlosinski,1,0.00057,24778,14.20350,174450
5918,tombh,1,0.00057,24779,14.20407,174450
5919,tomekit,1,0.00057,24780,14.20464,174450
5920,tomelliff,1,0.00057,24781,14.20522,174450
5921,tomerleib,1,0.00057,24782,14.20579,174450
5922,tomersolomon1,1,0.00057,24783,14.20636,174450
5923,TommyQuality,1,0.00057,24784,14.20694,174450
5924,tomoncle,1,0.00057,24785,14.20751,174450
5925,tomp61,1,0.00057,24786,14.20808,174450
5926,tomqwpl,1,0.00057,24787,14.20866,174450
5927,TomUnequals,1,0.00057,24788,14.20923,174450
5928,tonyabbott,1,0.00057,24789,14.20980,174450
5929,tonybenchsci,1,0.00057,24790,14.21038,174450
5930,tonym97,1,0.00057,24791,14.21095,174450
5931,topjung3,1,0.00057,24792,14.21152,174450
5932,torgeirl,1,0.00057,24793,14.21210,174450
5933,torsten-liermann,1,0.00057,24794,14.21267,174450
5934,tovbinm,1,0.00057,24795,14.21324,174450
5935,towo,1,0.00057,24796,14.21381,174450
5936,Toxblh,1,0.00057,24797,14.21439,174450
5937,tp6m4fu6250071,1,0.00057,24798,14.21496,174450
5938,trajakovic,1,0.00057,24799,14.21553,174450
5939,TranDinhKhang,1,0.00057,24800,14.21611,174450
5940,transkonduktor,1,0.00057,24801,14.21668,174450
5941,trinhpham,1,0.00057,24802,14.21725,174450
5942,trtt,1,0.00057,24803,14.21783,174450
5943,TSASM,1,0.00057,24804,14.21840,174450
5944,tscswcn,1,0.00057,24805,14.21897,174450
5945,tsde,1,0.00057,24806,14.21955,174450
5946,tsellers-r7,1,0.00057,24807,14.22012,174450
5947,ttres,1,0.00057,24808,14.22069,174450
5948,tuapuikia,1,0.00057,24809,14.22127,174450
5949,tudorgrig,1,0.00057,24810,14.22184,174450
5950,tumbl3w33d,1,0.00057,24811,14.22241,174450
5951,tunatore,1,0.00057,24812,14.22299,174450
5952,tvanderka,1,0.00057,24813,14.22356,174450
5953,twood02,1,0.00057,24814,14.22413,174450
5954,tyluRp,1,0.00057,24815,14.22471,174450
5955,ualter,1,0.00057,24816,14.22528,174450
5956,ubhide,1,0.00057,24817,14.22585,174450
5957,Uburro,1,0.00057,24818,14.22643,174450
5958,ucodevault,1,0.00057,24819,14.22700,174450
5959,uculcarni-puma,1,0.00057,24820,14.22757,174450
5960,udatny,1,0.00057,24821,14.22815,174450
5961,UdayGhub,1,0.00057,24822,14.22872,174450
5962,UdokaVrede,1,0.00057,24823,14.22929,174450
5963,ufcurmcginty,1,0.00057,24824,14.22987,174450
5964,ultrafez,1,0.00057,24825,14.23044,174450
5965,unai-ttxu,1,0.00057,24826,14.23101,174450
5966,utkarsh231,1,0.00057,24827,14.23158,174450
5967,utkarsh2811,1,0.00057,24828,14.23216,174450
5968,uvwild,1,0.00057,24829,14.23273,174450
5969,uyuan,1,0.00057,24830,14.23330,174450
5970,v4mpir0ck,1,0.00057,24831,14.23388,174450
5971,va3093,1,0.00057,24832,14.23445,174450
5972,vaidik,1,0.00057,24833,14.23502,174450
5973,vainu-lauri,1,0.00057,24834,14.23560,174450
5974,VanBantam,1,0.00057,24835,14.23617,174450
5975,VannTen,1,0.00057,24836,14.23674,174450
5976,vanyarock01,1,0.00057,24837,14.23732,174450
5977,vasanth-ks,1,0.00057,24838,14.23789,174450
5978,Vaskozl,1,0.00057,24839,14.23846,174450
5979,vavikast,1,0.00057,24840,14.23904,174450
5980,vbence,1,0.00057,24841,14.23961,174450
5981,vchan2002,1,0.00057,24842,14.24018,174450
5982,vchrisb,1,0.00057,24843,14.24076,174450
5983,vcorr,1,0.00057,24844,14.24133,174450
5984,vctrferreira,1,0.00057,24845,14.24190,174450
5985,vdahmane,1,0.00057,24846,14.24248,174450
5986,vdovinanton,1,0.00057,24847,14.24305,174450
5987,vedantdave77,1,0.00057,24848,14.24362,174450
5988,veera2019,1,0.00057,24849,14.24420,174450
5989,veeshall,1,0.00057,24850,14.24477,174450
5990,velmafia,1,0.00057,24851,14.24534,174450
5991,VengefulAncient,1,0.00057,24852,14.24592,174450
5992,Venkat8123,1,0.00057,24853,14.24649,174450
5993,venkateshreddy1388,1,0.00057,24854,14.24706,174450
5994,vennilashanthi,1,0.00057,24855,14.24764,174450
5995,venomone,1,0.00057,24856,14.24821,174450
5996,vetal2504,1,0.00057,24857,14.24878,174450
5997,vfiset,1,0.00057,24858,14.24936,174450
5998,vgunapati,1,0.00057,24859,14.24993,174450
5999,vhbfernandes,1,0.00057,24860,14.25050,174450
6000,vibhas77,1,0.00057,24861,14.25107,174450
6001,vickeyrihal1,1,0.00057,24862,14.25165,174450
6002,vicpara,1,0.00057,24863,14.25222,174450
6003,victorgunta,1,0.00057,24864,14.25279,174450
6004,Vieufoux,1,0.00057,24865,14.25337,174450
6005,viggyr,1,0.00057,24866,14.25394,174450
6006,vigohe,1,0.00057,24867,14.25451,174450
6007,viju2008,1,0.00057,24868,14.25509,174450
6008,VikashAbhay,1,0.00057,24869,14.25566,174450
6009,vikashviraj,1,0.00057,24870,14.25623,174450
6010,vikram-3118,1,0.00057,24871,14.25681,174450
6011,vinayakshnd,1,0.00057,24872,14.25738,174450
6012,vinayvenkat,1,0.00057,24873,14.25795,174450
6013,vincentwu0101,1,0.00057,24874,14.25853,174450
6014,vindhyachalboss,1,0.00057,24875,14.25910,174450
6015,vineelyalamarthy,1,0.00057,24876,14.25967,174450
6016,Vinge1718,1,0.00057,24877,14.26025,174450
6017,vinhha96,1,0.00057,24878,14.26082,174450
6018,Vinigas,1,0.00057,24879,14.26139,174450
6019,vinnie-kaboom,1,0.00057,24880,14.26197,174450
6020,violetbingzhe,1,0.00057,24881,14.26254,174450
6021,vipulJain05,1,0.00057,24882,14.26311,174450
6022,vipup,1,0.00057,24883,14.26369,174450
6023,virt0uz,1,0.00057,24884,14.26426,174450
6024,vishaal314,1,0.00057,24885,14.26483,174450
6025,vishal3108,1,0.00057,24886,14.26541,174450
6026,vishalmaheswari,1,0.00057,24887,14.26598,174450
6027,Vishnuvardhan777,1,0.00057,24888,14.26655,174450
6028,VitaliyShevchenko,1,0.00057,24889,14.26713,174450
6029,vitali-zevako,1,0.00057,24890,14.26770,174450
6030,vivekananda49,1,0.00057,24891,14.26827,174450
6031,vivekgkwd,1,0.00057,24892,14.26884,174450
6032,vivekjhauipath,1,0.00057,24893,14.26942,174450
6033,vivekraj59,1,0.00057,24894,14.26999,174450
6034,vladh91,1,0.00057,24895,14.27056,174450
6035,VladoPortos,1,0.00057,24896,14.27114,174450
6036,vmandale,1,0.00057,24897,14.27171,174450
6037,vmendis-stash,1,0.00057,24898,14.27228,174450
6038,vnev,1,0.00057,24899,14.27286,174450
6039,voiser,1,0.00057,24900,14.27343,174450
6040,volk1234,1,0.00057,24901,14.27400,174450
6041,volnei,1,0.00057,24902,14.27458,174450
6042,VoltBit,1,0.00057,24903,14.27515,174450
6043,vonsch,1,0.00057,24904,14.27572,174450
6044,voodoodror,1,0.00057,24905,14.27630,174450
6045,vosuyak,1,0.00057,24906,14.27687,174450
6046,Voxis,1,0.00057,24907,14.27744,174450
6047,vrathore18,1,0.00057,24908,14.27802,174450
6048,VRay27,1,0.00057,24909,14.27859,174450
6049,vrock28,1,0.00057,24910,14.27916,174450
6050,vsbus,1,0.00057,24911,14.27974,174450
6051,vtaranenko,1,0.00057,24912,14.28031,174450
6052,vterdunov,1,0.00057,24913,14.28088,174450
6053,vtomasr5,1,0.00057,24914,14.28146,174450
6054,vugardzhamalov,1,0.00057,24915,14.28203,174450
6055,vvkkhjt,1,0.00057,24916,14.28260,174450
6056,vvlookman,1,0.00057,24917,14.28318,174450
6057,v-x2,1,0.00057,24918,14.28375,174450
6058,vyaslav,1,0.00057,24919,14.28432,174450
6059,wadkar,1,0.00057,24920,14.28490,174450
6060,Walther,1,0.00057,24921,14.28547,174450
6061,wangcrazy1,1,0.00057,24922,14.28604,174450
6062,wangjia184,1,0.00057,24923,14.28662,174450
6063,WangMinjie114,1,0.00057,24924,14.28719,174450
6064,wangtao131520,1,0.00057,24925,14.28776,174450
6065,wangweihong,1,0.00057,24926,14.28833,174450
6066,wangzhentaodehao,1,0.00057,24927,14.28891,174450
6067,Warns,1,0.00057,24928,14.28948,174450
6068,wawashra,1,0.00057,24929,14.29005,174450
6069,waynr,1,0.00057,24930,14.29063,174450
6070,wcedmisten,1,0.00057,24931,14.29120,174450
6071,wdazhi2020,1,0.00057,24932,14.29177,174450
6072,webdeb,1,0.00057,24933,14.29235,174450
6073,weberc2-tempus,1,0.00057,24934,14.29292,174450
6074,weberjn,1,0.00057,24935,14.29349,174450
6075,webornottoweb,1,0.00057,24936,14.29407,174450
6076,webPageDev,1,0.00057,24937,14.29464,174450
6077,weemel,1,0.00057,24938,14.29521,174450
6078,weichenqi,1,0.00057,24939,14.29579,174450
6079,weihuago4,1,0.00057,24940,14.29636,174450
6080,wemiprog,1,0.00057,24941,14.29693,174450
6081,wendaotao,1,0.00057,24942,14.29751,174450
6082,weng271190436,1,0.00057,24943,14.29808,174450
6083,wenhuanglin,1,0.00057,24944,14.29865,174450
6084,weppos,1,0.00057,24945,14.29923,174450
6085,weshouman,1,0.00057,24946,14.29980,174450
6086,whoislb,1,0.00057,24947,14.30037,174450
6087,whynowy,1,0.00057,24948,14.30095,174450
6088,wiamsuri,1,0.00057,24949,14.30152,174450
6089,widgetpl,1,0.00057,24950,14.30209,174450
6090,wildersachin,1,0.00057,24951,14.30267,174450
6091,willemm,1,0.00057,24952,14.30324,174450
6092,williammck,1,0.00057,24953,14.30381,174450
6093,Win32Sector,1,0.00057,24954,14.30439,174450
6094,win5do,1,0.00057,24955,14.30496,174450
6095,wingguard,1,0.00057,24956,14.30553,174450
6096,winkee01,1,0.00057,24957,14.30610,174450
6097,winrono,1,0.00057,24958,14.30668,174450
6098,witchbutter,1,0.00057,24959,14.30725,174450
6099,wjdingman1,1,0.00057,24960,14.30782,174450
6100,wjentner,1,0.00057,24961,14.30840,174450
6101,wjsi,1,0.00057,24962,14.30897,174450
6102,wlin-jin,1,0.00057,24963,14.30954,174450
6103,wobuhuisuanmin,1,0.00057,24964,14.31012,174450
6104,wojtek-viirtue,1,0.00057,24965,14.31069,174450
6105,wolfewicz,1,0.00057,24966,14.31126,174450
6106,wongchao,1,0.00057,24967,14.31184,174450
6107,woo2,1,0.00057,24968,14.31241,174450
6108,WSLUser,1,0.00057,24969,14.31298,174450
6109,wsq704252212,1,0.00057,24970,14.31356,174450
6110,wuchenyanghaoshuai,1,0.00057,24971,14.31413,174450
6111,wuestkamp,1,0.00057,24972,14.31470,174450
6112,wufengzlw,1,0.00057,24973,14.31528,174450
6113,wundrian,1,0.00057,24974,14.31585,174450
6114,wwyhy,1,0.00057,24975,14.31642,174450
6115,WxySupn,1,0.00057,24976,14.31700,174450
6116,wyf010530,1,0.00057,24977,14.31757,174450
6117,wyyl1,1,0.00057,24978,14.31814,174450
6118,xaocon,1,0.00057,24979,14.31872,174450
6119,xdays,1,0.00057,24980,14.31929,174450
6120,xeniumlee,1,0.00057,24981,14.31986,174450
6121,xenoterracide,1,0.00057,24982,14.32044,174450
6122,xeronix,1,0.00057,24983,14.32101,174450
6123,xfu8309,1,0.00057,24984,14.32158,174450
6124,xhardha,1,0.00057,24985,14.32216,174450
6125,xiaohuanxj,1,0.00057,24986,14.32273,174450
6126,xiejiangzhao,1,0.00057,24987,14.32330,174450
6127,xinau,1,0.00057,24988,14.32388,174450
6128,xinfengliu,1,0.00057,24989,14.32445,174450
6129,xinjiahui,1,0.00057,24990,14.32502,174450
6130,Xiodra,1,0.00057,24991,14.32559,174450
6131,xmath279,1,0.00057,24992,14.32617,174450
6132,xplodwild,1,0.00057,24993,14.32674,174450
6133,xriser,1,0.00057,24994,14.32731,174450
6134,xsim,1,0.00057,24995,14.32789,174450
6135,xt94c4t9ce,1,0.00057,24996,14.32846,174450
6136,xuchengli,1,0.00057,24997,14.32903,174450
6137,XueCangQiuYe,1,0.00057,24998,14.32961,174450
6138,xwg1984,1,0.00057,24999,14.33018,174450
6139,xxlaila,1,0.00057,25000,14.33075,174450
6140,Xylakant,1,0.00057,25001,14.33133,174450
6141,xz91,1,0.00057,25002,14.33190,174450
6142,y2030,1,0.00057,25003,14.33247,174450
6143,y805939188,1,0.00057,25004,14.33305,174450
6144,yaa110,1,0.00057,25005,14.33362,174450
6145,yaminisridaran,1,0.00057,25006,14.33419,174450
6146,yanchenko-igor,1,0.00057,25007,14.33477,174450
6147,yanchicago,1,0.00057,25008,14.33534,174450
6148,yangfan-shine,1,0.00057,25009,14.33591,174450
6149,yangkev,1,0.00057,25010,14.33649,174450
6150,yangsongx,1,0.00057,25011,14.33706,174450
6151,yannh,1,0.00057,25012,14.33763,174450
6152,yarnA,1,0.00057,25013,14.33821,174450
6153,yarncraft,1,0.00057,25014,14.33878,174450
6154,yatintaluja,1,0.00057,25015,14.33935,174450
6155,yau-37,1,0.00057,25016,14.33993,174450
6156,yboujallab,1,0.00057,25017,14.34050,174450
6157,ybwang0211,1,0.00057,25018,14.34107,174450
6158,ydarb,1,0.00057,25019,14.34165,174450
6159,ydFu,1,0.00057,25020,14.34222,174450
6160,yehuda-sagron,1,0.00057,25021,14.34279,174450
6161,YeloMelon,1,0.00057,25022,14.34336,174450
6162,yetone,1,0.00057,25023,14.34394,174450
6163,yexk,1,0.00057,25024,14.34451,174450
6164,ygrosu,1,0.00057,25025,14.34508,174450
6165,yhrn,1,0.00057,25026,14.34566,174450
6166,YiannisH,1,0.00057,25027,14.34623,174450
6167,yindaheng98,1,0.00057,25028,14.34680,174450
6168,yiyan-wish,1,0.00057,25029,14.34738,174450
6169,ykawanm,1,0.00057,25030,14.34795,174450
6170,yks0000,1,0.00057,25031,14.34852,174450
6171,ynqa,1,0.00057,25032,14.34910,174450
6172,yogitubadzin,1,0.00057,25033,14.34967,174450
6173,yogyad,1,0.00057,25034,14.35024,174450
6174,yokohama4580,1,0.00057,25035,14.35082,174450
6175,yoonkwon,1,0.00057,25036,14.35139,174450
6176,yoonmac,1,0.00057,25037,14.35196,174450
6177,yosshy,1,0.00057,25038,14.35254,174450
6178,yossicohn,1,0.00057,25039,14.35311,174450
6179,yourcodinsmas,1,0.00057,25040,14.35368,174450
6180,youyuanwu,1,0.00057,25041,14.35426,174450
6181,yp28,1,0.00057,25042,14.35483,174450
6182,ysagron1,1,0.00057,25043,14.35540,174450
6183,ysde,1,0.00057,25044,14.35598,174450
6184,ysingla0580,1,0.00057,25045,14.35655,174450
6185,yueseW,1,0.00057,25046,14.35712,174450
6186,YukSeungChan,1,0.00057,25047,14.35770,174450
6187,yulianedyalkova,1,0.00057,25048,14.35827,174450
6188,YumiSuki,1,0.00057,25049,14.35884,174450
6189,yunbj,1,0.00057,25050,14.35942,174450
6190,YunosukeY,1,0.00057,25051,14.35999,174450
6191,yunwen-wang,1,0.00057,25052,14.36056,174450
6192,yuriydee,1,0.00057,25053,14.36113,174450
6193,yurmuki,1,0.00057,25054,14.36171,174450
6194,yutachaos,1,0.00057,25055,14.36228,174450
6195,YuvalAvra,1,0.00057,25056,14.36285,174450
6196,yuzhaopeng,1,0.00057,25057,14.36343,174450
6197,yxorp,1,0.00057,25058,14.36400,174450
6198,yzhao1012,1,0.00057,25059,14.36457,174450
6199,Zachery2008,1,0.00057,25060,14.36515,174450
6200,zach-robinson,1,0.00057,25061,14.36572,174450
6201,zagr0,1,0.00057,25062,14.36629,174450
6202,zakariae-lebriq,1,0.00057,25063,14.36687,174450
6203,zaourzag,1,0.00057,25064,14.36744,174450
6204,zatricky,1,0.00057,25065,14.36801,174450
6205,zbrookle,1,0.00057,25066,14.36859,174450
6206,zdzichu,1,0.00057,25067,14.36916,174450
6207,zebambam,1,0.00057,25068,14.36973,174450
6208,ZedYeung,1,0.00057,25069,14.37031,174450
6209,zeeshanejaz,1,0.00057,25070,14.37088,174450
6210,zeeshanthedev590,1,0.00057,25071,14.37145,174450
6211,zepatrik,1,0.00057,25072,14.37203,174450
6212,zerodayz,1,0.00057,25073,14.37260,174450
6213,zerothree,1,0.00057,25074,14.37317,174450
6214,ZF-fredericvanlinthoudt,1,0.00057,25075,14.37375,174450
6215,zfrank,1,0.00057,25076,14.37432,174450
6216,zhangnju,1,0.00057,25077,14.37489,174450
6217,zhaofengli,1,0.00057,25078,14.37547,174450
6218,zhao-lang,1,0.00057,25079,14.37604,174450
6219,zhashuyu,1,0.00057,25080,14.37661,174450
6220,zhb127,1,0.00057,25081,14.37719,174450
6221,zhfish,1,0.00057,25082,14.37776,174450
6222,zhifei92,1,0.00057,25083,14.37833,174450
6223,ZhitongLei,1,0.00057,25084,14.37891,174450
6224,zhixiangjoy,1,0.00057,25085,14.37948,174450
6225,zhodowanec,1,0.00057,25086,14.38005,174450
6226,zhou1992513,1,0.00057,25087,14.38062,174450
6227,zhou880220,1,0.00057,25088,14.38120,174450
6228,zhouxinyu,1,0.00057,25089,14.38177,174450
6229,zhugejingcheng,1,0.00057,25090,14.38234,174450
6230,zjawol,1,0.00057,25091,14.38292,174450
6231,zkyle95,1,0.00057,25092,14.38349,174450
6232,zm274310577,1,0.00057,25093,14.38406,174450
6233,zmykevin,1,0.00057,25094,14.38464,174450
6234,Zodor,1,0.00057,25095,14.38521,174450
6235,zopanix,1,0.00057,25096,14.38578,174450
6236,zouchengli,1,0.00057,25097,14.38636,174450
6237,zoujili,1,0.00057,25098,14.38693,174450
6238,zqingqing1,1,0.00057,25099,14.38750,174450
6239,zrhmn,1,0.00057,25100,14.38808,174450
6240,zsaurabhsabharwal,1,0.00057,25101,14.38865,174450
6241,zuiurs,1,0.00057,25102,14.38922,174450
6242,zuoshaoyi,1,0.00057,25103,14.38980,174450
6243,zx8,1,0.00057,25104,14.39037,174450
6244,zycon,1,0.00057,25105,14.39094,174450
6245,zyjiaobj,1,0.00057,25106,14.39152,174450
6246,zyjj1,1,0.00057,25107,14.39209,174450
6247,zyt312074545,1,0.00057,25108,14.39266,174450
6248,zzguang520,1,0.00057,25109,14.39324,174450
