rank_number,actor,contributions,percent,cumulative_sum,cumulative_percent,all_contributions
1,iwilltry42,1515,9.77545,1515,9.77545,15498
2,brandond,774,4.99419,2289,14.76965,15498
3,davidnuzik,686,4.42638,2975,19.19603,15498
4,ShylajaDevadiga,273,1.76152,3248,20.95754,15498
5,andyz-dev,187,1.20661,3435,22.16415,15498
6,dweomer,177,1.14208,3612,23.30623,15498
7,St0rmingBr4in,111,0.71622,3723,24.02245,15498
8,deniseschannon,105,0.67751,3828,24.69996,15498
9,briandowns,94,0.60653,3922,25.30649,15498
10,huapox,87,0.56136,4009,25.86785,15498
11,itwars,50,0.32262,4059,26.19048,15498
12,sandys,46,0.29681,4105,26.48729,15498
13,Oats87,43,0.27746,4148,26.76474,15498
14,samirsss,41,0.26455,4189,27.02929,15498
15,vitobotta,40,0.25810,4229,27.28739,15498
16,rancherio-gh-m,35,0.22584,4264,27.51323,15498
17,tfiduccia,35,0.22584,4299,27.73906,15498
18,fnord123,31,0.20003,4330,27.93909,15498
19,johansmitsnl,31,0.20003,4361,28.13911,15498
20,giminni,30,0.19357,4391,28.33269,15498
21,goffinf,30,0.19357,4421,28.52626,15498
22,mash-graz,30,0.19357,4451,28.71983,15498
23,nemonik,30,0.19357,4481,28.91341,15498
24,jawabuu,27,0.17422,4508,29.08762,15498
25,liyongxian,27,0.17422,4535,29.26184,15498
26,CamelCaseNotation,26,0.16776,4561,29.42960,15498
27,rcarmo,26,0.16776,4587,29.59737,15498
28,zimme,25,0.16131,4612,29.75868,15498
29,lygstate,24,0.15486,4636,29.91354,15498
30,RouxAntoine,24,0.15486,4660,30.06840,15498
31,andyjeffries,23,0.14841,4683,30.21680,15498
32,rancher-max,23,0.14841,4706,30.36521,15498
33,theAkito,20,0.12905,4726,30.49426,15498
34,adi90x,19,0.12260,4745,30.61685,15498
35,marcstreeter,19,0.12260,4764,30.73945,15498
36,sgielen,19,0.12260,4783,30.86205,15498
37,BlackTurtle123,18,0.11614,4801,30.97819,15498
38,louiznk,18,0.11614,4819,31.09433,15498
39,mschneider82,18,0.11614,4837,31.21048,15498
40,sgandon,18,0.11614,4855,31.32662,15498
41,ambis,17,0.10969,4872,31.43631,15498
42,epicfilemcnulty,17,0.10969,4889,31.54601,15498
43,pmahoney,17,0.10969,4906,31.65570,15498
44,ThomasADavis,17,0.10969,4923,31.76539,15498
45,zengyongjie,16,0.10324,4939,31.86863,15498
46,alekc,15,0.09679,4954,31.96541,15498
47,carpenike,15,0.09679,4969,32.06220,15498
48,edenreich,15,0.09679,4984,32.15899,15498
49,minhnguyenvan95,15,0.09679,4999,32.25577,15498
50,btashton,14,0.09033,5013,32.34611,15498
51,jeusdi,14,0.09033,5027,32.43644,15498
52,jrcichra,14,0.09033,5041,32.52678,15498
53,parchk,14,0.09033,5055,32.61711,15498
54,stodge,14,0.09033,5069,32.70745,15498
55,vincentmli,14,0.09033,5083,32.79778,15498
56,yechnlin,14,0.09033,5097,32.88811,15498
57,docteurklein,13,0.08388,5110,32.97200,15498
58,embcla,13,0.08388,5123,33.05588,15498
59,jfmatth,13,0.08388,5136,33.13976,15498
60,ndjhartman,13,0.08388,5149,33.22364,15498
61,sebschlue,13,0.08388,5162,33.30752,15498
62,stellirin,13,0.08388,5175,33.39141,15498
63,VladoPortos,13,0.08388,5188,33.47529,15498
64,wglambert,13,0.08388,5201,33.55917,15498
65,a1exus,12,0.07743,5213,33.63660,15498
66,abusaidm,12,0.07743,5225,33.71403,15498
67,catherineluse,12,0.07743,5237,33.79146,15498
68,costela,12,0.07743,5249,33.86889,15498
69,cryptk,12,0.07743,5261,33.94632,15498
70,nunix,12,0.07743,5273,34.02374,15498
71,rockaut,12,0.07743,5285,34.10117,15498
72,sahlex,12,0.07743,5297,34.17860,15498
73,tbrandstetter,12,0.07743,5309,34.25603,15498
74,Aliabbask08,11,0.07098,5320,34.32701,15498
75,Bowser1704,11,0.07098,5331,34.39799,15498
76,David-Igou,11,0.07098,5342,34.46896,15498
77,j0holo,11,0.07098,5353,34.53994,15498
78,JohnnyCrazy,11,0.07098,5364,34.61092,15498
79,mcsaucy,11,0.07098,5375,34.68189,15498
80,niusmallnan,11,0.07098,5386,34.75287,15498
81,nsoubelet,11,0.07098,5397,34.82385,15498
82,Vad1mo,11,0.07098,5408,34.89483,15498
83,xrain0610,11,0.07098,5419,34.96580,15498
84,zer0def,11,0.07098,5430,35.03678,15498
85,zhanghongtong,11,0.07098,5441,35.10776,15498
86,cjdcordeiro,10,0.06452,5451,35.17228,15498
87,daggerok,10,0.06452,5461,35.23680,15498
88,derba,10,0.06452,5471,35.30133,15498
89,dnoliver,10,0.06452,5481,35.36585,15498
90,dramich,10,0.06452,5491,35.43038,15498
91,drym3r,10,0.06452,5501,35.49490,15498
92,floydljy,10,0.06452,5511,35.55943,15498
93,flxs,10,0.06452,5521,35.62395,15498
94,ideal,10,0.06452,5531,35.68848,15498
95,iluminae,10,0.06452,5541,35.75300,15498
96,jamesxia20181001,10,0.06452,5551,35.81752,15498
97,jdmarshall,10,0.06452,5561,35.88205,15498
98,jose-sanchezm,10,0.06452,5571,35.94657,15498
99,kingdevnl,10,0.06452,5581,36.01110,15498
100,lionelnicolas,10,0.06452,5591,36.07562,15498
101,Lohann,10,0.06452,5601,36.14015,15498
102,masoudbahar,10,0.06452,5611,36.20467,15498
103,OrwillT,10,0.06452,5621,36.26920,15498
104,Oznup,10,0.06452,5631,36.33372,15498
105,saksmt,10,0.06452,5641,36.39824,15498
106,tnxgalaxy,10,0.06452,5651,36.46277,15498
107,unixfox,10,0.06452,5661,36.52729,15498
108,zhuyong74,10,0.06452,5671,36.59182,15498
109,andyz-rafay,9,0.05807,5680,36.64989,15498
110,coopstah13,9,0.05807,5689,36.70796,15498
111,desmap,9,0.05807,5698,36.76603,15498
112,DrumSergio,9,0.05807,5707,36.82411,15498
113,iam-TJ,9,0.05807,5716,36.88218,15498
114,jonfairbanks,9,0.05807,5725,36.94025,15498
115,Kerwood,9,0.05807,5734,36.99832,15498
116,luisbrandao,9,0.05807,5743,37.05639,15498
117,matlec,9,0.05807,5752,37.11447,15498
118,MikeCongdon1,9,0.05807,5761,37.17254,15498
119,misakwa,9,0.05807,5770,37.23061,15498
120,modogo2000,9,0.05807,5779,37.28868,15498
121,ndarilek,9,0.05807,5788,37.34675,15498
122,parekhha,9,0.05807,5797,37.40483,15498
123,staranto,9,0.05807,5806,37.46290,15498
124,thetruechar,9,0.05807,5815,37.52097,15498
125,xiaoluhong,9,0.05807,5824,37.57904,15498
126,ahmedmagdiosman,8,0.05162,5832,37.63066,15498
127,bithavoc,8,0.05162,5840,37.68228,15498
128,brondum,8,0.05162,5848,37.73390,15498
129,cbluth,8,0.05162,5856,37.78552,15498
130,chenliu1993,8,0.05162,5864,37.83714,15498
131,cyberjaws,8,0.05162,5872,37.88876,15498
132,de13,8,0.05162,5880,37.94038,15498
133,dtourde,8,0.05162,5888,37.99200,15498
134,Filius-Patris,8,0.05162,5896,38.04362,15498
135,Guigouu,8,0.05162,5904,38.09524,15498
136,hoshsadiq,8,0.05162,5912,38.14686,15498
137,identitymonk,8,0.05162,5920,38.19848,15498
138,Jean-Baptiste-Lasselle,8,0.05162,5928,38.25010,15498
139,jeffkight,8,0.05162,5936,38.30172,15498
140,JohnTheNerd,8,0.05162,5944,38.35334,15498
141,kamikaze,8,0.05162,5952,38.40496,15498
142,kyori19,8,0.05162,5960,38.45658,15498
143,luthermonson,8,0.05162,5968,38.50819,15498
144,malaDev,8,0.05162,5976,38.55981,15498
145,mar1ged,8,0.05162,5984,38.61143,15498
146,mlebrun,8,0.05162,5992,38.66305,15498
147,moluzhui,8,0.05162,6000,38.71467,15498
148,narethim,8,0.05162,6008,38.76629,15498
149,nickbp,8,0.05162,6016,38.81791,15498
150,NicklasWallgren,8,0.05162,6024,38.86953,15498
151,ohthehugemanatee,8,0.05162,6032,38.92115,15498
152,Prodian0013,8,0.05162,6040,38.97277,15498
153,stevefan1999-personal,8,0.05162,6048,39.02439,15498
154,2637309949,7,0.04517,6055,39.06956,15498
155,504274990,7,0.04517,6062,39.11472,15498
156,asksven,7,0.04517,6069,39.15989,15498
157,cwiggs,7,0.04517,6076,39.20506,15498
158,damozhiying,7,0.04517,6083,39.25023,15498
159,DavidRotert,7,0.04517,6090,39.29539,15498
160,dlashua,7,0.04517,6097,39.34056,15498
161,dorsany,7,0.04517,6104,39.38573,15498
162,dpen2000,7,0.04517,6111,39.43089,15498
163,dtomcej,7,0.04517,6118,39.47606,15498
164,ergoz,7,0.04517,6125,39.52123,15498
165,GideonStowell,7,0.04517,6132,39.56640,15498
166,giovannicandido,7,0.04517,6139,39.61156,15498
167,gssxd,7,0.04517,6146,39.65673,15498
168,hillbun,7,0.04517,6153,39.70190,15498
169,izaac,7,0.04517,6160,39.74706,15498
170,leolb-aphp,7,0.04517,6167,39.79223,15498
171,majkrzak,7,0.04517,6174,39.83740,15498
172,matthiasak,7,0.04517,6181,39.88257,15498
173,MichelDiz,7,0.04517,6188,39.92773,15498
174,mikeccuk2005,7,0.04517,6195,39.97290,15498
175,mxplusb,7,0.04517,6202,40.01807,15498
176,narqo,7,0.04517,6209,40.06323,15498
177,nmvega,7,0.04517,6216,40.10840,15498
178,ntx-ben,7,0.04517,6223,40.15357,15498
179,sixcorners,7,0.04517,6230,40.19874,15498
180,sr229,7,0.04517,6237,40.24390,15498
181,still-L,7,0.04517,6244,40.28907,15498
182,tdewitt,7,0.04517,6251,40.33424,15498
183,tonsV2,7,0.04517,6258,40.37940,15498
184,torpinouche,7,0.04517,6265,40.42457,15498
185,tw3n,7,0.04517,6272,40.46974,15498
186,vbohinc,7,0.04517,6279,40.51491,15498
187,Vexet83,7,0.04517,6286,40.56007,15498
188,vFondevilla,7,0.04517,6293,40.60524,15498
189,wc-matteo,7,0.04517,6300,40.65041,15498
190,zewelor,7,0.04517,6307,40.69557,15498
191,a01fe,6,0.03871,6313,40.73429,15498
192,bflorat,6,0.03871,6319,40.77300,15498
193,bmatcuk,6,0.03871,6325,40.81172,15498
194,brazooka,6,0.03871,6331,40.85043,15498
195,bugfest,6,0.03871,6337,40.88915,15498
196,c0dyhi11,6,0.03871,6343,40.92786,15498
197,CasparChou,6,0.03871,6349,40.96658,15498
198,cedrickring,6,0.03871,6355,41.00529,15498
199,chankamlam,6,0.03871,6361,41.04401,15498
200,christian-schlichtherle,6,0.03871,6367,41.08272,15498
201,colben,6,0.03871,6373,41.12144,15498
202,deas,6,0.03871,6379,41.16015,15498
203,dewet22,6,0.03871,6385,41.19886,15498
204,Drtuna,6,0.03871,6391,41.23758,15498
205,dur3x,6,0.03871,6397,41.27629,15498
206,Duske,6,0.03871,6403,41.31501,15498
207,e3b0c442,6,0.03871,6409,41.35372,15498
208,g4njawizard,6,0.03871,6415,41.39244,15498
209,gavk34,6,0.03871,6421,41.43115,15498
210,gioalex,6,0.03871,6427,41.46987,15498
211,guangbochen,6,0.03871,6433,41.50858,15498
212,harshavardhanc,6,0.03871,6439,41.54730,15498
213,havenp,6,0.03871,6445,41.58601,15498
214,jadsonlourenco,6,0.03871,6451,41.62473,15498
215,jait,6,0.03871,6457,41.66344,15498
216,jandriotty,6,0.03871,6463,41.70216,15498
217,jgreat,6,0.03871,6469,41.74087,15498
218,jhughes2112,6,0.03871,6475,41.77958,15498
219,jorneilander,6,0.03871,6481,41.81830,15498
220,Lunik,6,0.03871,6487,41.85701,15498
221,makkus,6,0.03871,6493,41.89573,15498
222,MonzElmasry,6,0.03871,6499,41.93444,15498
223,mzac,6,0.03871,6505,41.97316,15498
224,nicdesousa,6,0.03871,6511,42.01187,15498
225,perrywang,6,0.03871,6517,42.05059,15498
226,philipsparrow,6,0.03871,6523,42.08930,15498
227,PieBru,6,0.03871,6529,42.12802,15498
228,pierredavidbelanger,6,0.03871,6535,42.16673,15498
229,pieterv-icloud-com,6,0.03871,6541,42.20545,15498
230,plockaby,6,0.03871,6547,42.24416,15498
231,PRosenb,6,0.03871,6553,42.28288,15498
232,pwFoo,6,0.03871,6559,42.32159,15498
233,radhus,6,0.03871,6565,42.36030,15498
234,rbucker,6,0.03871,6571,42.39902,15498
235,rhrn,6,0.03871,6577,42.43773,15498
236,ritarya,6,0.03871,6583,42.47645,15498
237,rolinux,6,0.03871,6589,42.51516,15498
238,rytis,6,0.03871,6595,42.55388,15498
239,saphoooo,6,0.03871,6601,42.59259,15498
240,splattael,6,0.03871,6607,42.63131,15498
241,srgvg,6,0.03871,6613,42.67002,15498
242,stafwag,6,0.03871,6619,42.70874,15498
243,SteelCrow,6,0.03871,6625,42.74745,15498
244,szbjb,6,0.03871,6631,42.78617,15498
245,thecrazyrussian,6,0.03871,6637,42.82488,15498
246,travis-sobeck,6,0.03871,6643,42.86360,15498
247,tux-00,6,0.03871,6649,42.90231,15498
248,VasiliyS,6,0.03871,6655,42.94102,15498
249,vincentdyleung,6,0.03871,6661,42.97974,15498
250,vntbbb,6,0.03871,6667,43.01845,15498
251,yoink00,6,0.03871,6673,43.05717,15498
252,Zikoel,6,0.03871,6679,43.09588,15498
253,admun,5,0.03226,6684,43.12815,15498
254,aimuz,5,0.03226,6689,43.16041,15498
255,andyzheung,5,0.03226,6694,43.19267,15498
256,armandleopold,5,0.03226,6699,43.22493,15498
257,ashleydavis,5,0.03226,6704,43.25719,15498
258,benfairless,5,0.03226,6709,43.28946,15498
259,brontide,5,0.03226,6714,43.32172,15498
260,carlosonunez,5,0.03226,6719,43.35398,15498
261,carlosrmendes,5,0.03226,6724,43.38624,15498
262,castironclay,5,0.03226,6729,43.41851,15498
263,csschwe,5,0.03226,6734,43.45077,15498
264,digger18,5,0.03226,6739,43.48303,15498
265,dqunbp,5,0.03226,6744,43.51529,15498
266,eduardobcastro,5,0.03226,6749,43.54755,15498
267,Ehco1996,5,0.03226,6754,43.57982,15498
268,eleaner,5,0.03226,6759,43.61208,15498
269,ElisaMeng,5,0.03226,6764,43.64434,15498
270,ericdmann,5,0.03226,6769,43.67660,15498
271,fangfuhaomin,5,0.03226,6774,43.70887,15498
272,gbritton,5,0.03226,6779,43.74113,15498
273,giulioprovasi,5,0.03226,6784,43.77339,15498
274,gm12367,5,0.03226,6789,43.80565,15498
275,hlugt,5,0.03226,6794,43.83791,15498
276,ikaruswill,5,0.03226,6799,43.87018,15498
277,integral424,5,0.03226,6804,43.90244,15498
278,jacobweinstock,5,0.03226,6809,43.93470,15498
279,Jamlee,5,0.03226,6814,43.96696,15498
280,jmbkeyes,5,0.03226,6819,43.99923,15498
281,JorisBolsens,5,0.03226,6824,44.03149,15498
282,jusplayin,5,0.03226,6829,44.06375,15498
283,laurids-reichardt,5,0.03226,6834,44.09601,15498
284,limx59,5,0.03226,6839,44.12827,15498
285,lpil,5,0.03226,6844,44.16054,15498
286,lukibahr,5,0.03226,6849,44.19280,15498
287,m0wlheld,5,0.03226,6854,44.22506,15498
288,michel-zimmer,5,0.03226,6859,44.25732,15498
289,mickkael,5,0.03226,6864,44.28959,15498
290,mildred,5,0.03226,6869,44.32185,15498
291,minhnguyenvato,5,0.03226,6874,44.35411,15498
292,mkenne11,5,0.03226,6879,44.38637,15498
293,rako1980,5,0.03226,6884,44.41863,15498
294,ravirdv,5,0.03226,6889,44.45090,15498
295,REBELinBLUE,5,0.03226,6894,44.48316,15498
296,remkolems,5,0.03226,6899,44.51542,15498
297,riker09,5,0.03226,6904,44.54768,15498
298,rust84,5,0.03226,6909,44.57995,15498
299,seiyaa,5,0.03226,6914,44.61221,15498
300,shohidulhaque,5,0.03226,6919,44.64447,15498
301,sotiris84,5,0.03226,6924,44.67673,15498
302,StrongMonkey,5,0.03226,6929,44.70899,15498
303,vandot,5,0.03226,6934,44.74126,15498
304,yanggeorge,5,0.03226,6939,44.77352,15498
305,yashrajbharti,5,0.03226,6944,44.80578,15498
306,ysolis,5,0.03226,6949,44.83804,15498
307,Yuval-Ai,5,0.03226,6954,44.87031,15498
308,0xflotus,4,0.02581,6958,44.89612,15498
309,alepee,4,0.02581,6962,44.92193,15498
310,andypost,4,0.02581,6966,44.94774,15498
311,anonymous202020,4,0.02581,6970,44.97354,15498
312,apollo13,4,0.02581,6974,44.99935,15498
313,babykart,4,0.02581,6978,45.02516,15498
314,bechampion,4,0.02581,6982,45.05097,15498
315,bjornramberg,4,0.02581,6986,45.07678,15498
316,bmdepesa,4,0.02581,6990,45.10259,15498
317,BokyLiu,4,0.02581,6994,45.12840,15498
318,borg286,4,0.02581,6998,45.15421,15498
319,BruceWayneVsSuperMan,4,0.02581,7002,45.18002,15498
320,carvendy,4,0.02581,7006,45.20583,15498
321,cfchad,4,0.02581,7010,45.23164,15498
322,chabater,4,0.02581,7014,45.25745,15498
323,char1st,4,0.02581,7018,45.28326,15498
324,chrisnew,4,0.02581,7022,45.30907,15498
325,circa10a,4,0.02581,7026,45.33488,15498
326,corbathegeek,4,0.02581,7030,45.36069,15498
327,cruizer,4,0.02581,7034,45.38650,15498
328,csiemantel,4,0.02581,7038,45.41231,15498
329,cwrau,4,0.02581,7042,45.43812,15498
330,danhawkes,4,0.02581,7046,45.46393,15498
331,danielbarron42,4,0.02581,7050,45.48974,15498
332,DanielWinks,4,0.02581,7054,45.51555,15498
333,denwork,4,0.02581,7058,45.54136,15498
334,denysvitali,4,0.02581,7062,45.56717,15498
335,DigiDaz,4,0.02581,7066,45.59298,15498
336,DMW007,4,0.02581,7070,45.61879,15498
337,DoGab,4,0.02581,7074,45.64460,15498
338,dontdieych,4,0.02581,7078,45.67041,15498
339,DracoBlue,4,0.02581,7082,45.69622,15498
340,DuncanvR,4,0.02581,7086,45.72203,15498
341,ferllings,4,0.02581,7090,45.74784,15498
342,fire,4,0.02581,7094,45.77365,15498
343,g574,4,0.02581,7098,45.79946,15498
344,gizmotronic,4,0.02581,7102,45.82527,15498
345,hacker-h,4,0.02581,7106,45.85108,15498
346,HaJoHe,4,0.02581,7110,45.87689,15498
347,heyjared,4,0.02581,7114,45.90270,15498
348,hiectai,4,0.02581,7118,45.92851,15498
349,huangxuxin233,4,0.02581,7122,45.95432,15498
350,Id2ndR,4,0.02581,7126,45.98013,15498
351,imWildCat,4,0.02581,7130,46.00594,15498
352,jbalonso,4,0.02581,7134,46.03175,15498
353,j-landru,4,0.02581,7138,46.05756,15498
354,khurtado,4,0.02581,7142,46.08337,15498
355,kmcgrath,4,0.02581,7146,46.10918,15498
356,koehoorn,4,0.02581,7150,46.13499,15498
357,kradalby,4,0.02581,7154,46.16079,15498
358,ksaito1125,4,0.02581,7158,46.18660,15498
359,kubeeeee,4,0.02581,7162,46.21241,15498
360,larssb,4,0.02581,7166,46.23822,15498
361,leo1971,4,0.02581,7170,46.26403,15498
362,lianghuiyuan,4,0.02581,7174,46.28984,15498
363,lojurn,4,0.02581,7178,46.31565,15498
364,lvuch,4,0.02581,7182,46.34146,15498
365,m4rcu5,4,0.02581,7186,46.36727,15498
366,malikbenkirane,4,0.02581,7190,46.39308,15498
367,marcfiu,4,0.02581,7194,46.41889,15498
368,Matthew1234567w,4,0.02581,7198,46.44470,15498
369,miahwk,4,0.02581,7202,46.47051,15498
370,michielhemme,4,0.02581,7206,46.49632,15498
371,milosonator,4,0.02581,7210,46.52213,15498
372,mkmojo,4,0.02581,7214,46.54794,15498
373,nkaravias,4,0.02581,7218,46.57375,15498
374,ntfs32,4,0.02581,7222,46.59956,15498
375,orange888,4,0.02581,7226,46.62537,15498
376,panho66,4,0.02581,7230,46.65118,15498
377,pascalw,4,0.02581,7234,46.67699,15498
378,PeterMaco,4,0.02581,7238,46.70280,15498
379,p-hash,4,0.02581,7242,46.72861,15498
380,philkry,4,0.02581,7246,46.75442,15498
381,physcat,4,0.02581,7250,46.78023,15498
382,plsnotracking,4,0.02581,7254,46.80604,15498
383,poikilotherm,4,0.02581,7258,46.83185,15498
384,posteingang,4,0.02581,7262,46.85766,15498
385,predakanga,4,0.02581,7266,46.88347,15498
386,proligde,4,0.02581,7270,46.90928,15498
387,ramran-r,4,0.02581,7274,46.93509,15498
388,rektide,4,0.02581,7278,46.96090,15498
389,renezoller,4,0.02581,7282,46.98671,15498
390,resnostyle,4,0.02581,7286,47.01252,15498
391,Rick-Jongbloed,4,0.02581,7290,47.03833,15498
392,ronit1495,4,0.02581,7294,47.06414,15498
393,rr-appadaptive,4,0.02581,7298,47.08995,15498
394,rugwirobaker,4,0.02581,7302,47.11576,15498
395,SamD,4,0.02581,7306,47.14157,15498
396,sangnguyen7,4,0.02581,7310,47.16738,15498
397,Schnitzel,4,0.02581,7314,47.19319,15498
398,Serrvosky,4,0.02581,7318,47.21900,15498
399,serverbaboon,4,0.02581,7322,47.24481,15498
400,ShadowJonathan,4,0.02581,7326,47.27062,15498
401,simmessa,4,0.02581,7330,47.29643,15498
402,Sirikon,4,0.02581,7334,47.32224,15498
403,southwolf,4,0.02581,7338,47.34804,15498
404,sriveros95,4,0.02581,7342,47.37385,15498
405,stratosgear,4,0.02581,7346,47.39966,15498
406,tchellomello,4,0.02581,7350,47.42547,15498
407,Ticiano-mw,4,0.02581,7354,47.45128,15498
408,tmlbl,4,0.02581,7358,47.47709,15498
409,TomyLobo,4,0.02581,7362,47.50290,15498
410,tuxtof,4,0.02581,7366,47.52871,15498
411,ushell,4,0.02581,7370,47.55452,15498
412,vdups,4,0.02581,7374,47.58033,15498
413,verbunk,4,0.02581,7378,47.60614,15498
414,wpf710,4,0.02581,7382,47.63195,15498
415,xunleii,4,0.02581,7386,47.65776,15498
416,xvzf,4,0.02581,7390,47.68357,15498
417,yamlCase,4,0.02581,7394,47.70938,15498
418,YaoC,4,0.02581,7398,47.73519,15498
419,zanbaldwin,4,0.02581,7402,47.76100,15498
420,zetaron,4,0.02581,7406,47.78681,15498
421,zsolt-keseru-epam,4,0.02581,7410,47.81262,15498
422,aarononeal,3,0.01936,7413,47.83198,15498
423,aaronteague,3,0.01936,7416,47.85134,15498
424,aberfeldy,3,0.01936,7419,47.87069,15498
425,admantium-sg,3,0.01936,7422,47.89005,15498
426,agilob,3,0.01936,7425,47.90941,15498
427,ainiml,3,0.01936,7428,47.92877,15498
428,ajay-dua,3,0.01936,7431,47.94812,15498
429,ajodock,3,0.01936,7434,47.96748,15498
430,akhenakh,3,0.01936,7437,47.98684,15498
431,alexppg,3,0.01936,7440,48.00619,15498
432,amiga23,3,0.01936,7443,48.02555,15498
433,amio,3,0.01936,7446,48.04491,15498
434,ashadulhoque,3,0.01936,7449,48.06427,15498
435,a-teisseire,3,0.01936,7452,48.08362,15498
436,Atem18,3,0.01936,7455,48.10298,15498
437,avarf,3,0.01936,7458,48.12234,15498
438,BartoszKaszewczuk,3,0.01936,7461,48.14170,15498
439,bbruun,3,0.01936,7464,48.16105,15498
440,benp20,3,0.01936,7467,48.18041,15498
441,bigbohne,3,0.01936,7470,48.19977,15498
442,bitvirago,3,0.01936,7473,48.21913,15498
443,bjwschaap,3,0.01936,7476,48.23848,15498
444,blake,3,0.01936,7479,48.25784,15498
445,brandonkal,3,0.01936,7482,48.27720,15498
446,Brian-Gaffney,3,0.01936,7485,48.29655,15498
447,brokenjacobs,3,0.01936,7488,48.31591,15498
448,buzypi,3,0.01936,7491,48.33527,15498
449,caicai942,3,0.01936,7494,48.35463,15498
450,Cerebus,3,0.01936,7497,48.37398,15498
451,chennqqi,3,0.01936,7500,48.39334,15498
452,chrisbulgaria,3,0.01936,7503,48.41270,15498
453,chriskinsman,3,0.01936,7506,48.43206,15498
454,coderafei,3,0.01936,7509,48.45141,15498
455,cwolfinger,3,0.01936,7512,48.47077,15498
456,dalekurt,3,0.01936,7515,48.49013,15498
457,danlister,3,0.01936,7518,48.50949,15498
458,datamgmt,3,0.01936,7521,48.52884,15498
459,definitiontv,3,0.01936,7524,48.54820,15498
460,detailyang,3,0.01936,7527,48.56756,15498
461,devopsali7118,3,0.01936,7530,48.58691,15498
462,DhruvM94,3,0.01936,7533,48.60627,15498
463,digitalassembly,3,0.01936,7536,48.62563,15498
464,dikshantad,3,0.01936,7539,48.64499,15498
465,dobbs,3,0.01936,7542,48.66434,15498
466,dominictayloruk,3,0.01936,7545,48.68370,15498
467,double16,3,0.01936,7548,48.70306,15498
468,dylanenabled,3,0.01936,7551,48.72242,15498
469,egeneralov,3,0.01936,7554,48.74177,15498
470,einst44,3,0.01936,7557,48.76113,15498
471,ekoontz,3,0.01936,7560,48.78049,15498
472,ekristen,3,0.01936,7563,48.79985,15498
473,ekultails,3,0.01936,7566,48.81920,15498
474,Encore222,3,0.01936,7569,48.83856,15498
475,ethinx,3,0.01936,7572,48.85792,15498
476,everflux,3,0.01936,7575,48.87727,15498
477,fearoffish,3,0.01936,7578,48.89663,15498
478,fkhan12,3,0.01936,7581,48.91599,15498
479,FlexibleToast,3,0.01936,7584,48.93535,15498
480,FrankieSanzica,3,0.01936,7587,48.95470,15498
481,freeseacher,3,0.01936,7590,48.97406,15498
482,fuero,3,0.01936,7593,48.99342,15498
483,fwiedmann,3,0.01936,7596,49.01278,15498
484,gazzyt,3,0.01936,7599,49.03213,15498
485,geogeim,3,0.01936,7602,49.05149,15498
486,gesslein,3,0.01936,7605,49.07085,15498
487,gggitpl,3,0.01936,7608,49.09021,15498
488,gilkotton,3,0.01936,7611,49.10956,15498
489,GitToby,3,0.01936,7614,49.12892,15498
490,GoWebProd,3,0.01936,7617,49.14828,15498
491,guest20,3,0.01936,7620,49.16763,15498
492,guofengzh,3,0.01936,7623,49.18699,15498
493,H3RSKO,3,0.01936,7626,49.20635,15498
494,hadeschen,3,0.01936,7629,49.22571,15498
495,helander,3,0.01936,7632,49.24506,15498
496,huaixichen,3,0.01936,7635,49.26442,15498
497,HuJake,3,0.01936,7638,49.28378,15498
498,Humberd,3,0.01936,7641,49.30314,15498
499,hwangseonbi,3,0.01936,7644,49.32249,15498
500,hynospt,3,0.01936,7647,49.34185,15498
501,i5Js,3,0.01936,7650,49.36121,15498
502,IdahoPL,3,0.01936,7653,49.38057,15498
503,imba-tjd,3,0.01936,7656,49.39992,15498
504,Iot-lilei,3,0.01936,7659,49.41928,15498
505,irizzant,3,0.01936,7662,49.43864,15498
506,izhigalko,3,0.01936,7665,49.45799,15498
507,jamesorlakin,3,0.01936,7668,49.47735,15498
508,james-r-smith,3,0.01936,7671,49.49671,15498
509,janeczku,3,0.01936,7674,49.51607,15498
510,Jason-ZW,3,0.01936,7677,49.53542,15498
511,Jawastew,3,0.01936,7680,49.55478,15498
512,jbhannah,3,0.01936,7683,49.57414,15498
513,jdevelop,3,0.01936,7686,49.59350,15498
514,Jille,3,0.01936,7689,49.61285,15498
515,JinLinGan,3,0.01936,7692,49.63221,15498
516,jishminor,3,0.01936,7695,49.65157,15498
517,jkraj,3,0.01936,7698,49.67093,15498
518,jmichalek132,3,0.01936,7701,49.69028,15498
519,jokester,3,0.01936,7704,49.70964,15498
520,jonasfugedi,3,0.01936,7707,49.72900,15498
521,jwillmer,3,0.01936,7710,49.74835,15498
522,kalgecin,3,0.01936,7713,49.76771,15498
523,kbrowder,3,0.01936,7716,49.78707,15498
524,klokare,3,0.01936,7719,49.80643,15498
525,kristoferlundgren,3,0.01936,7722,49.82578,15498
526,krystalcode,3,0.01936,7725,49.84514,15498
527,kygx-legend,3,0.01936,7728,49.86450,15498
528,kyleterry,3,0.01936,7731,49.88386,15498
529,L0g4n,3,0.01936,7734,49.90321,15498
530,leeallen337,3,0.01936,7737,49.92257,15498
531,leematos,3,0.01936,7740,49.94193,15498
532,leigh-j,3,0.01936,7743,49.96129,15498
533,leonklingele,3,0.01936,7746,49.98064,15498
534,ljani,3,0.01936,7749,50.00000,15498
535,ljckennedy,3,0.01936,7752,50.01936,15498
536,Loki-Afro,3,0.01936,7755,50.03871,15498
537,lsk8867485,3,0.01936,7758,50.05807,15498
538,lucaelin,3,0.01936,7761,50.07743,15498
539,LukeChannings,3,0.01936,7764,50.09679,15498
540,lurdan,3,0.01936,7767,50.11614,15498
541,MaciejKucia,3,0.01936,7770,50.13550,15498
542,maiamcc,3,0.01936,7773,50.15486,15498
543,mak3r,3,0.01936,7776,50.17422,15498
544,marcusreese,3,0.01936,7779,50.19357,15498
545,Matrix-Zhang,3,0.01936,7782,50.21293,15498
546,matthdan,3,0.01936,7785,50.23229,15498
547,mccricardo,3,0.01936,7788,50.25165,15498
548,mikev1963,3,0.01936,7791,50.27100,15498
549,mishushakov,3,0.01936,7794,50.29036,15498
550,mkatt,3,0.01936,7797,50.30972,15498
551,Moep90,3,0.01936,7800,50.32907,15498
552,mousiefasil,3,0.01936,7803,50.34843,15498
553,msaunois-dzr,3,0.01936,7806,50.36779,15498
554,MyIgel,3,0.01936,7809,50.38715,15498
555,Nathan-j-hardee,3,0.01936,7812,50.40650,15498
556,nautikos1235,3,0.01936,7815,50.42586,15498
557,nicklasfrahm,3,0.01936,7818,50.44522,15498
558,NickyBoy89,3,0.01936,7821,50.46458,15498
559,NickyHeuperman,3,0.01936,7824,50.48393,15498
560,noelmcloughlin,3,0.01936,7827,50.50329,15498
561,normander,3,0.01936,7830,50.52265,15498
562,nsmith5,3,0.01936,7833,50.54201,15498
563,nustiueudinastea,3,0.01936,7836,50.56136,15498
564,ofirmakmal,3,0.01936,7839,50.58072,15498
565,olaxe,3,0.01936,7842,50.60008,15498
566,oskapt,3,0.01936,7845,50.61943,15498
567,ozeta,3,0.01936,7848,50.63879,15498
568,parqbanq,3,0.01936,7851,50.65815,15498
569,pdf,3,0.01936,7854,50.67751,15498
570,pierremahot,3,0.01936,7857,50.69686,15498
571,PixelJonas,3,0.01936,7860,50.71622,15498
572,pranasblk,3,0.01936,7863,50.73558,15498
573,radicand,3,0.01936,7866,50.75494,15498
574,Reda1000,3,0.01936,7869,50.77429,15498
575,rgl,3,0.01936,7872,50.79365,15498
576,rookieclover,3,0.01936,7875,50.81301,15498
577,sachaos,3,0.01936,7878,50.83237,15498
578,samsja,3,0.01936,7881,50.85172,15498
579,schubter,3,0.01936,7884,50.87108,15498
580,seanabraham,3,0.01936,7887,50.89044,15498
581,seerickcode,3,0.01936,7890,50.90979,15498
582,selcukusta,3,0.01936,7893,50.92915,15498
583,seuf,3,0.01936,7896,50.94851,15498
584,sez98,3,0.01936,7899,50.96787,15498
585,shadowkrusha,3,0.01936,7902,50.98722,15498
586,shriharisc,3,0.01936,7905,51.00658,15498
587,simnalamburt,3,0.01936,7908,51.02594,15498
588,sivanandasubbiah,3,0.01936,7911,51.04530,15498
589,sk4r,3,0.01936,7914,51.06465,15498
590,slmagus,3,0.01936,7917,51.08401,15498
591,sonicaj,3,0.01936,7920,51.10337,15498
592,sraillard,3,0.01936,7923,51.12273,15498
593,srinathganesh1,3,0.01936,7926,51.14208,15498
594,ssharma2089,3,0.01936,7929,51.16144,15498
595,steve-fraser,3,0.01936,7932,51.18080,15498
596,StingRayZA,3,0.01936,7935,51.20015,15498
597,svenhofstede,3,0.01936,7938,51.21951,15498
598,tanguyfalconnet,3,0.01936,7941,51.23887,15498
599,tengzhuofei,3,0.01936,7944,51.25823,15498
600,thewilli,3,0.01936,7947,51.27758,15498
601,thiemok,3,0.01936,7950,51.29694,15498
602,thomasdba,3,0.01936,7953,51.31630,15498
603,transhapHigsn,3,0.01936,7956,51.33566,15498
604,ttt43ttt,3,0.01936,7959,51.35501,15498
605,tullo,3,0.01936,7962,51.37437,15498
606,tvuongp,3,0.01936,7965,51.39373,15498
607,TylerBrock,3,0.01936,7968,51.41309,15498
608,ultra-baba,3,0.01936,7971,51.43244,15498
609,upMKuhn,3,0.01936,7974,51.45180,15498
610,vishuPPatel,3,0.01936,7977,51.47116,15498
611,vldvasi,3,0.01936,7980,51.49051,15498
612,wanggonggong,3,0.01936,7983,51.50987,15498
613,webees,3,0.01936,7986,51.52923,15498
614,westonmyers,3,0.01936,7989,51.54859,15498
615,wilsonianb,3,0.01936,7992,51.56794,15498
616,wjimenez5271,3,0.01936,7995,51.58730,15498
617,xiongsongsong,3,0.01936,7998,51.60666,15498
618,xiyanxiyan10,3,0.01936,8001,51.62602,15498
619,yulix,3,0.01936,8004,51.64537,15498
620,yuzhiquan,3,0.01936,8007,51.66473,15498
621,yyf1986,3,0.01936,8010,51.68409,15498
622,zaherg,3,0.01936,8013,51.70345,15498
623,zergl,3,0.01936,8016,51.72280,15498
624,zkpingguo,3,0.01936,8019,51.74216,15498
625,aalcaraz97,2,0.01290,8021,51.75507,15498
626,aaronkjones,2,0.01290,8023,51.76797,15498
627,abhishek-jain11,2,0.01290,8025,51.78087,15498
628,adamelliotfields,2,0.01290,8027,51.79378,15498
629,adamj-codethink,2,0.01290,8029,51.80668,15498
630,Adirio,2,0.01290,8031,51.81959,15498
631,afmsavage,2,0.01290,8033,51.83249,15498
632,ahazelwood,2,0.01290,8035,51.84540,15498
633,akashpatel2,2,0.01290,8037,51.85830,15498
634,Akay7,2,0.01290,8039,51.87121,15498
635,akuscu-smartpulse,2,0.01290,8041,51.88411,15498
636,amon-ra,2,0.01290,8043,51.89702,15498
637,anasalloush,2,0.01290,8045,51.90992,15498
638,Anda-JasonSu,2,0.01290,8047,51.92283,15498
639,anirtek,2,0.01290,8049,51.93573,15498
640,arashkaffamanesh,2,0.01290,8051,51.94864,15498
641,arranf,2,0.01290,8053,51.96154,15498
642,asloan7,2,0.01290,8055,51.97445,15498
643,Athosone,2,0.01290,8057,51.98735,15498
644,aucampia,2,0.01290,8059,52.00026,15498
645,aureq,2,0.01290,8061,52.01316,15498
646,AWDDude,2,0.01290,8063,52.02607,15498
647,AWKIF,2,0.01290,8065,52.03897,15498
648,b0nete,2,0.01290,8067,52.05188,15498
649,badaniya,2,0.01290,8069,52.06478,15498
650,benwbooth,2,0.01290,8071,52.07769,15498
651,bertbesser,2,0.01290,8073,52.09059,15498
652,bjd,2,0.01290,8075,52.10350,15498
653,BlueCrescent,2,0.01290,8077,52.11640,15498
654,bmarinov,2,0.01290,8079,52.12931,15498
655,bradwood,2,0.01290,8081,52.14221,15498
656,brianpclab,2,0.01290,8083,52.15512,15498
657,bukton123,2,0.01290,8085,52.16802,15498
658,bushchannelstepper,2,0.01290,8087,52.18093,15498
659,c0debreaker,2,0.01290,8089,52.19383,15498
660,c16a,2,0.01290,8091,52.20674,15498
661,caleno,2,0.01290,8093,52.21964,15498
662,casidiablo,2,0.01290,8095,52.23255,15498
663,ccll,2,0.01290,8097,52.24545,15498
664,Celebrian,2,0.01290,8099,52.25836,15498
665,CertainLach,2,0.01290,8101,52.27126,15498
666,Cheau,2,0.01290,8103,52.28417,15498
667,christian-korneck,2,0.01290,8105,52.29707,15498
668,chrstnwhlrt,2,0.01290,8107,52.30998,15498
669,ckaczor,2,0.01290,8109,52.32288,15498
670,clarktlaugh,2,0.01290,8111,52.33579,15498
671,cloudalex,2,0.01290,8113,52.34869,15498
672,clrxbl,2,0.01290,8115,52.36160,15498
673,coldpenguin,2,0.01290,8117,52.37450,15498
674,creinig,2,0.01290,8119,52.38740,15498
675,cromega,2,0.01290,8121,52.40031,15498
676,csreegn,2,0.01290,8123,52.41321,15498
677,ctr49,2,0.01290,8125,52.42612,15498
678,CuBiC3D,2,0.01290,8127,52.43902,15498
679,cyclingwithelephants,2,0.01290,8129,52.45193,15498
680,dagostinelli,2,0.01290,8131,52.46483,15498
681,danackerson,2,0.01290,8133,52.47774,15498
682,DanielDent,2,0.01290,8135,52.49064,15498
683,darobs,2,0.01290,8137,52.50355,15498
684,david-martyn-ford,2,0.01290,8139,52.51645,15498
685,davwilliams,2,0.01290,8141,52.52936,15498
686,dbecher-ito,2,0.01290,8143,52.54226,15498
687,dbkegley,2,0.01290,8145,52.55517,15498
688,derekrprice,2,0.01290,8147,52.56807,15498
689,DhruvM1994,2,0.01290,8149,52.58098,15498
690,dictcp,2,0.01290,8151,52.59388,15498
691,diogojesus95,2,0.01290,8153,52.60679,15498
692,dirtbag,2,0.01290,8155,52.61969,15498
693,dkeightley,2,0.01290,8157,52.63260,15498
694,drbugfinder,2,0.01290,8159,52.64550,15498
695,DylanGriffith,2,0.01290,8161,52.65841,15498
696,ednaganon,2,0.01290,8163,52.67131,15498
697,Ephemera,2,0.01290,8165,52.68422,15498
698,erknie,2,0.01290,8167,52.69712,15498
699,f0o,2,0.01290,8169,52.71003,15498
700,fabinou,2,0.01290,8171,52.72293,15498
701,fabito,2,0.01290,8173,52.73584,15498
702,ffxgamer,2,0.01290,8175,52.74874,15498
703,frankscholten,2,0.01290,8177,52.76165,15498
704,fuzzykiller,2,0.01290,8179,52.77455,15498
705,geekdave,2,0.01290,8181,52.78746,15498
706,ggardet,2,0.01290,8183,52.80036,15498
707,giezi,2,0.01290,8185,52.81327,15498
708,gitrootid,2,0.01290,8187,52.82617,15498
709,glinkaf,2,0.01290,8189,52.83908,15498
710,gmoisio,2,0.01290,8191,52.85198,15498
711,gokalper,2,0.01290,8193,52.86489,15498
712,gonzochic,2,0.01290,8195,52.87779,15498
713,gregorwolf,2,0.01290,8197,52.89070,15498
714,guykanyvision,2,0.01290,8199,52.90360,15498
715,gvanderberg,2,0.01290,8201,52.91651,15498
716,hamid-elaosta,2,0.01290,8203,52.92941,15498
717,haydnhkim,2,0.01290,8205,52.94232,15498
718,hectoregm,2,0.01290,8207,52.95522,15498
719,helgifeiti,2,0.01290,8209,52.96812,15498
720,hgliu1985,2,0.01290,8211,52.98103,15498
721,hosea118,2,0.01290,8213,52.99393,15498
722,hotsmile,2,0.01290,8215,53.00684,15498
723,IkkertSergei,2,0.01290,8217,53.01974,15498
724,ishanarora,2,0.01290,8219,53.03265,15498
725,iyzsong,2,0.01290,8221,53.04555,15498
726,izeau,2,0.01290,8223,53.05846,15498
727,izzatzr,2,0.01290,8225,53.07136,15498
728,JakeConnors376W,2,0.01290,8227,53.08427,15498
729,jambajaar,2,0.01290,8229,53.09717,15498
730,jbutler992,2,0.01290,8231,53.11008,15498
731,JeffreyVdb,2,0.01290,8233,53.12298,15498
732,Jeyanthinath,2,0.01290,8235,53.13589,15498
733,johnlane,2,0.01290,8237,53.14879,15498
734,johnwong369,2,0.01290,8239,53.16170,15498
735,JoseThen,2,0.01290,8241,53.17460,15498
736,jrhoward,2,0.01290,8243,53.18751,15498
737,jtcmedia,2,0.01290,8245,53.20041,15498
738,juliens,2,0.01290,8247,53.21332,15498
739,juusujanar,2,0.01290,8249,53.22622,15498
740,jzeweniuk,2,0.01290,8251,53.23913,15498
741,kahekahe,2,0.01290,8253,53.25203,15498
742,kajanth,2,0.01290,8255,53.26494,15498
743,kalinkrustev,2,0.01290,8257,53.27784,15498
744,kelvie,2,0.01290,8259,53.29075,15498
745,keslerm,2,0.01290,8261,53.30365,15498
746,kissgyorgy,2,0.01290,8263,53.31656,15498
747,kizzx2,2,0.01290,8265,53.32946,15498
748,km4rcus,2,0.01290,8267,53.34237,15498
749,kondor6c,2,0.01290,8269,53.35527,15498
750,latchmihay,2,0.01290,8271,53.36818,15498
751,Leen15,2,0.01290,8273,53.38108,15498
752,lerit,2,0.01290,8275,53.39399,15498
753,Ligemer,2,0.01290,8277,53.40689,15498
754,linzj3,2,0.01290,8279,53.41980,15498
755,llimon,2,0.01290,8281,53.43270,15498
756,longf0720,2,0.01290,8283,53.44561,15498
757,lsoica,2,0.01290,8285,53.45851,15498
758,lukapeschke,2,0.01290,8287,53.47142,15498
759,maltejk,2,0.01290,8289,53.48432,15498
760,mamiu,2,0.01290,8291,53.49723,15498
761,manuelkasiske,2,0.01290,8293,53.51013,15498
762,marcbrandner,2,0.01290,8295,53.52304,15498
763,marcolag,2,0.01290,8297,53.53594,15498
764,markitoxs,2,0.01290,8299,53.54885,15498
765,martin-jamszolik,2,0.01290,8301,53.56175,15498
766,martinohansen,2,0.01290,8303,53.57465,15498
767,MartinPham,2,0.01290,8305,53.58756,15498
768,mattmattox,2,0.01290,8307,53.60046,15498
769,maxirus,2,0.01290,8309,53.61337,15498
770,maxmeyer,2,0.01290,8311,53.62627,15498
771,mcritchlow,2,0.01290,8313,53.63918,15498
772,mehdihadeli,2,0.01290,8315,53.65208,15498
773,meierale,2,0.01290,8317,53.66499,15498
774,metrue,2,0.01290,8319,53.67789,15498
775,minioin,2,0.01290,8321,53.69080,15498
776,mnorrsken,2,0.01290,8323,53.70370,15498
777,mogoman,2,0.01290,8325,53.71661,15498
778,moltar,2,0.01290,8327,53.72951,15498
779,morsik,2,0.01290,8329,53.74242,15498
780,msolimans,2,0.01290,8331,53.75532,15498
781,mtodd,2,0.01290,8333,53.76823,15498
782,mysticaltech,2,0.01290,8335,53.78113,15498
783,nandeepmannava,2,0.01290,8337,53.79404,15498
784,narimantos,2,0.01290,8339,53.80694,15498
785,Nashluffy,2,0.01290,8341,53.81985,15498
786,ncresswell,2,0.01290,8343,53.83275,15498
787,nheinemans,2,0.01290,8345,53.84566,15498
788,niklaskorz,2,0.01290,8347,53.85856,15498
789,nkfs,2,0.01290,8349,53.87147,15498
790,notsureifkevin,2,0.01290,8351,53.88437,15498
791,NoUseFreak,2,0.01290,8353,53.89728,15498
792,ocisly,2,0.01290,8355,53.91018,15498
793,odensc,2,0.01290,8357,53.92309,15498
794,ogbofjnr,2,0.01290,8359,53.93599,15498
795,olup,2,0.01290,8361,53.94890,15498
796,optix2000,2,0.01290,8363,53.96180,15498
797,oraoto,2,0.01290,8365,53.97471,15498
798,otto-dev,2,0.01290,8367,53.98761,15498
799,paroque28,2,0.01290,8369,54.00052,15498
800,pavitrashah,2,0.01290,8371,54.01342,15498
801,pckbls,2,0.01290,8373,54.02633,15498
802,pennywise53,2,0.01290,8375,54.03923,15498
803,PerryTheDuckHolder,2,0.01290,8377,54.05214,15498
804,philipp1992,2,0.01290,8379,54.06504,15498
805,photoszzt,2,0.01290,8381,54.07795,15498
806,pnkjtr,2,0.01290,8383,54.09085,15498
807,proegssilb,2,0.01290,8385,54.10376,15498
808,qiushihe,2,0.01290,8387,54.11666,15498
809,r1chjames,2,0.01290,8389,54.12957,15498
810,rafabios,2,0.01290,8391,54.14247,15498
811,Rambou,2,0.01290,8393,54.15537,15498
812,rcsilva83,2,0.01290,8395,54.16828,15498
813,rebrec,2,0.01290,8397,54.18118,15498
814,renanqts,2,0.01290,8399,54.19409,15498
815,rez0n,2,0.01290,8401,54.20699,15498
816,ricardona,2,0.01290,8403,54.21990,15498
817,rubiktubik,2,0.01290,8405,54.23280,15498
818,rungej,2,0.01290,8407,54.24571,15498
819,Salvocll,2,0.01290,8409,54.25861,15498
820,saurav-k,2,0.01290,8411,54.27152,15498
821,scofieldpeng,2,0.01290,8413,54.28442,15498
822,seabrookmx,2,0.01290,8415,54.29733,15498
823,seanmwinn,2,0.01290,8417,54.31023,15498
824,Sellto,2,0.01290,8419,54.32314,15498
825,sen-subhabrata,2,0.01290,8421,54.33604,15498
826,sesteel,2,0.01290,8423,54.34895,15498
827,shariperryman,2,0.01290,8425,54.36185,15498
828,shivdeepnv,2,0.01290,8427,54.37476,15498
829,shrajfr12,2,0.01290,8429,54.38766,15498
830,si458,2,0.01290,8431,54.40057,15498
831,silverlight,2,0.01290,8433,54.41347,15498
832,sjkeerthi,2,0.01290,8435,54.42638,15498
833,skjnldsv,2,0.01290,8437,54.43928,15498
834,skyser2003,2,0.01290,8439,54.45219,15498
835,sourcedelica,2,0.01290,8441,54.46509,15498
836,spitfire88,2,0.01290,8443,54.47800,15498
837,ssedrick,2,0.01290,8445,54.49090,15498
838,stefanvangastel,2,0.01290,8447,54.50381,15498
839,stone-wlg,2,0.01290,8449,54.51671,15498
840,superboris,2,0.01290,8451,54.52962,15498
841,SwagMuffinMcYoloPants,2,0.01290,8453,54.54252,15498
842,swiftugandan,2,0.01290,8455,54.55543,15498
843,swuecho,2,0.01290,8457,54.56833,15498
844,t0xicCode,2,0.01290,8459,54.58124,15498
845,TaichiKageyama,2,0.01290,8461,54.59414,15498
846,tdickman,2,0.01290,8463,54.60705,15498
847,techgnosis,2,0.01290,8465,54.61995,15498
848,TechnoTaff,2,0.01290,8467,54.63286,15498
849,thedirtymexican,2,0.01290,8469,54.64576,15498
850,theonewolf,2,0.01290,8471,54.65867,15498
851,therealmikz,2,0.01290,8473,54.67157,15498
852,TheYkk,2,0.01290,8475,54.68448,15498
853,ThomasSchoenbeck,2,0.01290,8477,54.69738,15498
854,tianxingguo,2,0.01290,8479,54.71029,15498
855,timschneider,2,0.01290,8481,54.72319,15498
856,tomoyat1,2,0.01290,8483,54.73609,15498
857,towerworks,2,0.01290,8485,54.74900,15498
858,TReZ42,2,0.01290,8487,54.76190,15498
859,Trojan295,2,0.01290,8489,54.77481,15498
860,ubergeek801,2,0.01290,8491,54.78771,15498
861,urupaud,2,0.01290,8493,54.80062,15498
862,usrbinkat,2,0.01290,8495,54.81352,15498
863,uudens,2,0.01290,8497,54.82643,15498
864,Valtureyn,2,0.01290,8499,54.83933,15498
865,varesa,2,0.01290,8501,54.85224,15498
866,vmorris,2,0.01290,8503,54.86514,15498
867,vnwarrior,2,0.01290,8505,54.87805,15498
868,vvanouytsel,2,0.01290,8507,54.89095,15498
869,waynr,2,0.01290,8509,54.90386,15498
870,wbright,2,0.01290,8511,54.91676,15498
871,wice222,2,0.01290,8513,54.92967,15498
872,yamajik,2,0.01290,8515,54.94257,15498
873,yedward,2,0.01290,8517,54.95548,15498
874,zet694,2,0.01290,8519,54.96838,15498
875,zhuer0632,2,0.01290,8521,54.98129,15498
876,030,1,0.00645,8522,54.98774,15498
877,06kellyjac,1,0.00645,8523,54.99419,15498
878,1194117884,1,0.00645,8524,55.00065,15498
879,11jwolfe2,1,0.00645,8525,55.00710,15498
880,13567436138,1,0.00645,8526,55.01355,15498
881,4m3ndy,1,0.00645,8527,55.02000,15498
882,aak1247,1,0.00645,8528,55.02646,15498
883,aamchi78,1,0.00645,8529,55.03291,15498
884,aaronleesmu,1,0.00645,8530,55.03936,15498
885,abdullahainun,1,0.00645,8531,55.04581,15498
886,acefei,1,0.00645,8532,55.05226,15498
887,adacaccia,1,0.00645,8533,55.05872,15498
888,adamcavendish,1,0.00645,8534,55.06517,15498
889,AdamDorwart,1,0.00645,8535,55.07162,15498
890,adir-intsights,1,0.00645,8536,55.07807,15498
891,adrianharabula,1,0.00645,8537,55.08453,15498
892,agelwarg,1,0.00645,8538,55.09098,15498
893,ahjsun,1,0.00645,8539,55.09743,15498
894,ajbouh,1,0.00645,8540,55.10388,15498
895,akosveres,1,0.00645,8541,55.11034,15498
896,aledeganopix4d,1,0.00645,8542,55.11679,15498
897,alex37529,1,0.00645,8543,55.12324,15498
898,alexandrevicenzi,1,0.00645,8544,55.12969,15498
899,alexbarcelo,1,0.00645,8545,55.13615,15498
900,AlexMikhalev,1,0.00645,8546,55.14260,15498
901,alfieyfc,1,0.00645,8547,55.14905,15498
902,alpapad,1,0.00645,8548,55.15550,15498
903,amartinunowhy,1,0.00645,8549,55.16196,15498
904,anarcher,1,0.00645,8550,55.16841,15498
905,and5555,1,0.00645,8551,55.17486,15498
906,andarob,1,0.00645,8552,55.18131,15498
907,andersliland,1,0.00645,8553,55.18777,15498
908,AndreKR,1,0.00645,8554,55.19422,15498
909,andres-blanco,1,0.00645,8555,55.20067,15498
910,andresetevejob,1,0.00645,8556,55.20712,15498
911,andyleap,1,0.00645,8557,55.21358,15498
912,AndyPook,1,0.00645,8558,55.22003,15498
913,Anishmourya,1,0.00645,8559,55.22648,15498
914,ankurshah7,1,0.00645,8560,55.23293,15498
915,AnnatarHe,1,0.00645,8561,55.23939,15498
916,anselanza,1,0.00645,8562,55.24584,15498
917,anuruddhal,1,0.00645,8563,55.25229,15498
918,apardo,1,0.00645,8564,55.25874,15498
919,arcenik,1,0.00645,8565,55.26520,15498
920,arifC,1,0.00645,8566,55.27165,15498
921,arpankapoor,1,0.00645,8567,55.27810,15498
922,Arvintian,1,0.00645,8568,55.28455,15498
923,atmosx,1,0.00645,8569,55.29101,15498
924,atrakic,1,0.00645,8570,55.29746,15498
925,avz,1,0.00645,8571,55.30391,15498
926,b3nw,1,0.00645,8572,55.31036,15498
927,balibebas,1,0.00645,8573,55.31682,15498
928,balthild,1,0.00645,8574,55.32327,15498
929,baohui0,1,0.00645,8575,55.32972,15498
930,bboerst,1,0.00645,8576,55.33617,15498
931,bbrks,1,0.00645,8577,55.34262,15498
932,belminf,1,0.00645,8578,55.34908,15498
933,benmur,1,0.00645,8579,55.35553,15498
934,Bevisy,1,0.00645,8580,55.36198,15498
935,bgulla,1,0.00645,8581,55.36843,15498
936,bhale,1,0.00645,8582,55.37489,15498
937,biels,1,0.00645,8583,55.38134,15498
938,biggers,1,0.00645,8584,55.38779,15498
939,bigl0af,1,0.00645,8585,55.39424,15498
940,blang,1,0.00645,8586,55.40070,15498
941,blazespinnaker,1,0.00645,8587,55.40715,15498
942,bmaltais,1,0.00645,8588,55.41360,15498
943,bobdvb,1,0.00645,8589,55.42005,15498
944,bodzio4749,1,0.00645,8590,55.42651,15498
945,boemska-nik,1,0.00645,8591,55.43296,15498
946,bokysan,1,0.00645,8592,55.43941,15498
947,boreBoar,1,0.00645,8593,55.44586,15498
948,brant4test,1,0.00645,8594,55.45232,15498
949,brennantaylor,1,0.00645,8595,55.45877,15498
950,brianlmerritt,1,0.00645,8596,55.46522,15498
951,brittocj,1,0.00645,8597,55.47167,15498
952,brunordias,1,0.00645,8598,55.47813,15498
953,buschtoens,1,0.00645,8599,55.48458,15498
954,c0da,1,0.00645,8600,55.49103,15498
955,calegari-adriano,1,0.00645,8601,55.49748,15498
956,camaeel,1,0.00645,8602,55.50394,15498
957,CaptAintHere,1,0.00645,8603,55.51039,15498
958,carlonelong,1,0.00645,8604,55.51684,15498
959,carlosmkb,1,0.00645,8605,55.52329,15498
960,carstenkoester,1,0.00645,8606,55.52975,15498
961,cbwebdevelopment,1,0.00645,8607,55.53620,15498
962,chensheng0,1,0.00645,8608,55.54265,15498
963,Chewie,1,0.00645,8609,55.54910,15498
964,chickenandpork,1,0.00645,8610,55.55556,15498
965,chiyanking,1,0.00645,8611,55.56201,15498
966,chopmann,1,0.00645,8612,55.56846,15498
967,chrisfleming,1,0.00645,8613,55.57491,15498
968,ChrisRx,1,0.00645,8614,55.58137,15498
969,chrisurwin,1,0.00645,8615,55.58782,15498
970,chwzr,1,0.00645,8616,55.59427,15498
971,Ciantic,1,0.00645,8617,55.60072,15498
972,cjrpriest,1,0.00645,8618,55.60718,15498
973,claycooper,1,0.00645,8619,55.61363,15498
974,clearcodecn,1,0.00645,8620,55.62008,15498
975,clook,1,0.00645,8621,55.62653,15498
976,cloudcafetech,1,0.00645,8622,55.63298,15498
977,cloudeyes,1,0.00645,8623,55.63944,15498
978,cnf,1,0.00645,8624,55.64589,15498
979,codrcodz,1,0.00645,8625,55.65234,15498
980,colby,1,0.00645,8626,55.65879,15498
981,collinwright,1,0.00645,8627,55.66525,15498
982,cormaks,1,0.00645,8628,55.67170,15498
983,cphang99,1,0.00645,8629,55.67815,15498
984,crazybber,1,0.00645,8630,55.68460,15498
985,crdil,1,0.00645,8631,55.69106,15498
986,cristianojmiranda,1,0.00645,8632,55.69751,15498
987,crlane,1,0.00645,8633,55.70396,15498
988,crunchtime-ali,1,0.00645,8634,55.71041,15498
989,ctramnitz,1,0.00645,8635,55.71687,15498
990,cvernooy23,1,0.00645,8636,55.72332,15498
991,c-x-berger,1,0.00645,8637,55.72977,15498
992,cybercorey,1,0.00645,8638,55.73622,15498
993,cybershambles,1,0.00645,8639,55.74268,15498
994,CyborTronik,1,0.00645,8640,55.74913,15498
995,d11wtq,1,0.00645,8641,55.75558,15498
996,dabio,1,0.00645,8642,55.76203,15498
997,dagnaldo,1,0.00645,8643,55.76849,15498
998,daniel198609,1,0.00645,8644,55.77494,15498
999,daniel40392,1,0.00645,8645,55.78139,15498
1000,danielsand,1,0.00645,8646,55.78784,15498
1001,dannyyy,1,0.00645,8647,55.79430,15498
1002,dantuluri,1,0.00645,8648,55.80075,15498
1003,darkdragn,1,0.00645,8649,55.80720,15498
1004,darkstar,1,0.00645,8650,55.81365,15498
1005,darth-veitcher,1,0.00645,8651,55.82011,15498
1006,davideshay,1,0.00645,8652,55.82656,15498
1007,davidpelfree,1,0.00645,8653,55.83301,15498
1008,davidthewatson,1,0.00645,8654,55.83946,15498
1009,davinkevin,1,0.00645,8655,55.84592,15498
1010,davix,1,0.00645,8656,55.85237,15498
1011,dazzag24,1,0.00645,8657,55.85882,15498
1012,dbhattarai-hamropatro,1,0.00645,8658,55.86527,15498
1013,dcorbe,1,0.00645,8659,55.87173,15498
1014,deesteban,1,0.00645,8660,55.87818,15498
1015,deltasquare4,1,0.00645,8661,55.88463,15498
1016,derekhe,1,0.00645,8662,55.89108,15498
1017,derekyle,1,0.00645,8663,55.89754,15498
1018,Develoman,1,0.00645,8664,55.90399,15498
1019,developer-guy,1,0.00645,8665,55.91044,15498
1020,devopswise,1,0.00645,8666,55.91689,15498
1021,Dev-Time,1,0.00645,8667,55.92334,15498
1022,dexafree,1,0.00645,8668,55.92980,15498
1023,dgbuckley,1,0.00645,8669,55.93625,15498
1024,dheeraj29,1,0.00645,8670,55.94270,15498
1025,diggnsaegg,1,0.00645,8671,55.94915,15498
1026,DimJacq,1,0.00645,8672,55.95561,15498
1027,dirien,1,0.00645,8673,55.96206,15498
1028,dittos,1,0.00645,8674,55.96851,15498
1029,djm457,1,0.00645,8675,55.97496,15498
1030,dkravetz,1,0.00645,8676,55.98142,15498
1031,dleumann,1,0.00645,8677,55.98787,15498
1032,dmag,1,0.00645,8678,55.99432,15498
1033,Dragane,1,0.00645,8679,56.00077,15498
1034,dragon2611,1,0.00645,8680,56.00723,15498
1035,Drakkai,1,0.00645,8681,56.01368,15498
1036,drannenberg,1,0.00645,8682,56.02013,15498
1037,drestauri,1,0.00645,8683,56.02658,15498
1038,drgnkpr,1,0.00645,8684,56.03304,15498
1039,drlukeangel,1,0.00645,8685,56.03949,15498
1040,dupengcheng,1,0.00645,8686,56.04594,15498
1041,dxlr8r,1,0.00645,8687,56.05239,15498
1042,eaf-josephportello,1,0.00645,8688,56.05885,15498
1043,ebesson,1,0.00645,8689,56.06530,15498
1044,EdMendezNC,1,0.00645,8690,56.07175,15498
1045,edouardkleinhans,1,0.00645,8691,56.07820,15498
1046,efazati,1,0.00645,8692,56.08466,15498
1047,eht16,1,0.00645,8693,56.09111,15498
1048,Eldar-Ahmadov,1,0.00645,8694,56.09756,15498
1049,elmariofredo,1,0.00645,8695,56.10401,15498
1050,else,1,0.00645,8696,56.11047,15498
1051,elvizlai,1,0.00645,8697,56.11692,15498
1052,emansom,1,0.00645,8698,56.12337,15498
1053,en0x,1,0.00645,8699,56.12982,15498
1054,EpiqSty,1,0.00645,8700,56.13628,15498
1055,Erchoc,1,0.00645,8701,56.14273,15498
1056,ericleu,1,0.00645,8702,56.14918,15498
1057,estimate123,1,0.00645,8703,56.15563,15498
1058,ethanmdavidson,1,0.00645,8704,56.16209,15498
1059,ethan-reynolds,1,0.00645,8705,56.16854,15498
1060,euiko,1,0.00645,8706,56.17499,15498
1061,evilr00t,1,0.00645,8707,56.18144,15498
1062,exfly,1,0.00645,8708,56.18790,15498
1063,f2hex,1,0.00645,8709,56.19435,15498
1064,fabiodcorreia,1,0.00645,8710,56.20080,15498
1065,fatmatto,1,0.00645,8711,56.20725,15498
1066,feliperyan,1,0.00645,8712,56.21370,15498
1067,felix33333,1,0.00645,8713,56.22016,15498
1068,FinalDes,1,0.00645,8714,56.22661,15498
1069,fkpwolf,1,0.00645,8715,56.23306,15498
1070,flobaader,1,0.00645,8716,56.23951,15498
1071,FlomoN,1,0.00645,8717,56.24597,15498
1072,floriankoch,1,0.00645,8718,56.25242,15498
1073,flytreeleft,1,0.00645,8719,56.25887,15498
1074,fooock,1,0.00645,8720,56.26532,15498
1075,franciscocpg,1,0.00645,8721,56.27178,15498
1076,franciscojsc,1,0.00645,8722,56.27823,15498
1077,FrankLee33,1,0.00645,8723,56.28468,15498
1078,freakynit,1,0.00645,8724,56.29113,15498
1079,fredbeltrao,1,0.00645,8725,56.29759,15498
1080,freitasskeeled,1,0.00645,8726,56.30404,15498
1081,FrugalGuy,1,0.00645,8727,56.31049,15498
1082,fsimmend,1,0.00645,8728,56.31694,15498
1083,fuhuasheng,1,0.00645,8729,56.32340,15498
1084,gabrielcalderon,1,0.00645,8730,56.32985,15498
1085,gamesover,1,0.00645,8731,56.33630,15498
1086,garrett,1,0.00645,8732,56.34275,15498
1087,garyedwards,1,0.00645,8733,56.34921,15498
1088,garyschulte,1,0.00645,8734,56.35566,15498
1089,gaussianblurs,1,0.00645,8735,56.36211,15498
1090,gdhgdhgdh,1,0.00645,8736,56.36856,15498
1091,gdimitropoulos,1,0.00645,8737,56.37502,15498
1092,gee4vee,1,0.00645,8738,56.38147,15498
1093,geertvanheusden,1,0.00645,8739,56.38792,15498
1094,geku,1,0.00645,8740,56.39437,15498
1095,Genubath,1,0.00645,8741,56.40083,15498
1096,geoffjukes,1,0.00645,8742,56.40728,15498
1097,GeorgeHahn,1,0.00645,8743,56.41373,15498
1098,giant-atomic-monster,1,0.00645,8744,56.42018,15498
1099,gilbahat,1,0.00645,8745,56.42664,15498
1100,github-ninjya,1,0.00645,8746,56.43309,15498
1101,gitr32,1,0.00645,8747,56.43954,15498
1102,gocursor,1,0.00645,8748,56.44599,15498
1103,Goldenstarc,1,0.00645,8749,56.45245,15498
1104,gosuri,1,0.00645,8750,56.45890,15498
1105,gpkarnam,1,0.00645,8751,56.46535,15498
1106,grawin,1,0.00645,8752,56.47180,15498
1107,greenenergy,1,0.00645,8753,56.47826,15498
1108,GregoryDosh,1,0.00645,8754,56.48471,15498
1109,grstein,1,0.00645,8755,56.49116,15498
1110,grumps,1,0.00645,8756,56.49761,15498
1111,guillaumemaka,1,0.00645,8757,56.50407,15498
1112,guleng,1,0.00645,8758,56.51052,15498
1113,gunturaf,1,0.00645,8759,56.51697,15498
1114,hadifarnoud,1,0.00645,8760,56.52342,15498
1115,haflinger,1,0.00645,8761,56.52987,15498
1116,hakuno,1,0.00645,8762,56.53633,15498
1117,handong0123,1,0.00645,8763,56.54278,15498
1118,haohaolee,1,0.00645,8764,56.54923,15498
1119,Harguer,1,0.00645,8765,56.55568,15498
1120,hartigoon,1,0.00645,8766,56.56214,15498
1121,HelloZCB,1,0.00645,8767,56.56859,15498
1122,hellozhe,1,0.00645,8768,56.57504,15498
1123,hellupline,1,0.00645,8769,56.58149,15498
1124,helmut72,1,0.00645,8770,56.58795,15498
1125,Hemantkumar-Chigadani,1,0.00645,8771,56.59440,15498
1126,heroku-miraheze,1,0.00645,8772,56.60085,15498
1127,Himura2la,1,0.00645,8773,56.60730,15498
1128,hkmaly,1,0.00645,8774,56.61376,15498
1129,http403,1,0.00645,8775,56.62021,15498
1130,hughobrien,1,0.00645,8776,56.62666,15498
1131,hwaastad,1,0.00645,8777,56.63311,15498
1132,icsy7867,1,0.00645,8778,56.63957,15498
1133,idanbenyair,1,0.00645,8779,56.64602,15498
1134,ifurther54,1,0.00645,8780,56.65247,15498
1135,igaldahan,1,0.00645,8781,56.65892,15498
1136,ilikeorangutans,1,0.00645,8782,56.66538,15498
1137,ilovemilk,1,0.00645,8783,56.67183,15498
1138,Ilyes-Hammadi,1,0.00645,8784,56.67828,15498
1139,Indexyz,1,0.00645,8785,56.68473,15498
1140,inealey,1,0.00645,8786,56.69119,15498
1141,insanitywholesale,1,0.00645,8787,56.69764,15498
1142,ioagel,1,0.00645,8788,56.70409,15498
1143,ioanc,1,0.00645,8789,56.71054,15498
1144,isshwar,1,0.00645,8790,56.71700,15498
1145,ivan046,1,0.00645,8791,56.72345,15498
1146,iwaseyusuke,1,0.00645,8792,56.72990,15498
1147,izkuru,1,0.00645,8793,56.73635,15498
1148,j0057,1,0.00645,8794,56.74281,15498
1149,j3ffyang,1,0.00645,8795,56.74926,15498
1150,JaanTaponen,1,0.00645,8796,56.75571,15498
1151,jackharrhy,1,0.00645,8797,56.76216,15498
1152,jacobblock,1,0.00645,8798,56.76862,15498
1153,jaerik,1,0.00645,8799,56.77507,15498
1154,jaggerwang,1,0.00645,8800,56.78152,15498
1155,jaigouk,1,0.00645,8801,56.78797,15498
1156,jaimehrubiks,1,0.00645,8802,56.79443,15498
1157,JakubOboza,1,0.00645,8803,56.80088,15498
1158,jaredallard-okta,1,0.00645,8804,56.80733,15498
1159,jaredk-beta,1,0.00645,8805,56.81378,15498
1160,jarrett-ccg,1,0.00645,8806,56.82023,15498
1161,jasonbarbee,1,0.00645,8807,56.82669,15498
1162,javachen,1,0.00645,8808,56.83314,15498
1163,jayturchi,1,0.00645,8809,56.83959,15498
1164,jazoom,1,0.00645,8810,56.84604,15498
1165,jcleira,1,0.00645,8811,56.85250,15498
1166,jcpuzic,1,0.00645,8812,56.85895,15498
1167,jcrist,1,0.00645,8813,56.86540,15498
1168,jdobes,1,0.00645,8814,56.87185,15498
1169,jdunhamvrtx,1,0.00645,8815,56.87831,15498
1170,jeffspahr,1,0.00645,8816,56.88476,15498
1171,jeroavf,1,0.00645,8817,56.89121,15498
1172,jeroenjacobs79,1,0.00645,8818,56.89766,15498
1173,jewelt,1,0.00645,8819,56.90412,15498
1174,jffz,1,0.00645,8820,56.91057,15498
1175,jhmnieuwenhuis,1,0.00645,8821,56.91702,15498
1176,jmbe,1,0.00645,8822,56.92347,15498
1177,jmhbnz,1,0.00645,8823,56.92993,15498
1178,joaovitor,1,0.00645,8824,56.93638,15498
1179,johankok,1,0.00645,8825,56.94283,15498
1180,johnmay1,1,0.00645,8826,56.94928,15498
1181,JohnnyElvis,1,0.00645,8827,56.95574,15498
1182,joja19,1,0.00645,8828,56.96219,15498
1183,jordanburke,1,0.00645,8829,56.96864,15498
1184,joshuataylor,1,0.00645,8830,56.97509,15498
1185,JPedroSilveira,1,0.00645,8831,56.98155,15498
1186,jpicht,1,0.00645,8832,56.98800,15498
1187,jramadeu,1,0.00645,8833,56.99445,15498
1188,jsedy7,1,0.00645,8834,57.00090,15498
1189,juanahx,1,0.00645,8835,57.00736,15498
1190,juanmatias,1,0.00645,8836,57.01381,15498
1191,june9666,1,0.00645,8837,57.02026,15498
1192,Jurgen-Allewijn,1,0.00645,8838,57.02671,15498
1193,jwbaart,1,0.00645,8839,57.03317,15498
1194,jypma,1,0.00645,8840,57.03962,15498
1195,k0m0d0,1,0.00645,8841,57.04607,15498
1196,kaitoy,1,0.00645,8842,57.05252,15498
1197,kardianos,1,0.00645,8843,57.05898,15498
1198,kcns008,1,0.00645,8844,57.06543,15498
1199,keksecops,1,0.00645,8845,57.07188,15498
1200,kennedyalexander,1,0.00645,8846,57.07833,15498
1201,kha7,1,0.00645,8847,57.08479,15498
1202,khayyamsaleem,1,0.00645,8848,57.09124,15498
1203,kilroy05,1,0.00645,8849,57.09769,15498
1204,kingfeiyu1,1,0.00645,8850,57.10414,15498
1205,kiriakos,1,0.00645,8851,57.11059,15498
1206,kityun,1,0.00645,8852,57.11705,15498
1207,klevermonicker,1,0.00645,8853,57.12350,15498
1208,klutchell,1,0.00645,8854,57.12995,15498
1209,kraihn,1,0.00645,8855,57.13640,15498
1210,KreatifSolution,1,0.00645,8856,57.14286,15498
1211,KsanterX,1,0.00645,8857,57.14931,15498
1212,ktmdms,1,0.00645,8858,57.15576,15498
1213,kursattokpinar,1,0.00645,8859,57.16221,15498
1214,Kxrr,1,0.00645,8860,57.16867,15498
1215,L8D,1,0.00645,8861,57.17512,15498
1216,landonc,1,0.00645,8862,57.18157,15498
1217,lcorsini,1,0.00645,8863,57.18802,15498
1218,ldcastell,1,0.00645,8864,57.19448,15498
1219,lefeverd,1,0.00645,8865,57.20093,15498
1220,legokichi,1,0.00645,8866,57.20738,15498
1221,LEI,1,0.00645,8867,57.21383,15498
1222,leifnel,1,0.00645,8868,57.22029,15498
1223,lelandsindttouchnet,1,0.00645,8869,57.22674,15498
1224,lewismc,1,0.00645,8870,57.23319,15498
1225,liaofeng2,1,0.00645,8871,57.23964,15498
1226,lightning130,1,0.00645,8872,57.24610,15498
1227,linchong,1,0.00645,8873,57.25255,15498
1228,linusenthu,1,0.00645,8874,57.25900,15498
1229,linuxduduniao,1,0.00645,8875,57.26545,15498
1230,lippoliv,1,0.00645,8876,57.27191,15498
1231,littlebenlittle,1,0.00645,8877,57.27836,15498
1232,loafoe,1,0.00645,8878,57.28481,15498
1233,Locus99,1,0.00645,8879,57.29126,15498
1234,loversama,1,0.00645,8880,57.29772,15498
1235,lsmith130,1,0.00645,8881,57.30417,15498
1236,lucas-dehandschutter,1,0.00645,8882,57.31062,15498
1237,lucaspiller,1,0.00645,8883,57.31707,15498
1238,lucifer1004,1,0.00645,8884,57.32353,15498
1239,ludopaquet,1,0.00645,8885,57.32998,15498
1240,luistrigueiros,1,0.00645,8886,57.33643,15498
1241,lyuma,1,0.00645,8887,57.34288,15498
1242,M3t0r,1,0.00645,8888,57.34934,15498
1243,madrover,1,0.00645,8889,57.35579,15498
1244,madyasiwi,1,0.00645,8890,57.36224,15498
1245,magikid,1,0.00645,8891,57.36869,15498
1246,manhluong,1,0.00645,8892,57.37515,15498
1247,MarkDong614,1,0.00645,8893,57.38160,15498
1248,MarkSchmitt,1,0.00645,8894,57.38805,15498
1249,MarkusAGSchmidt,1,0.00645,8895,57.39450,15498
1250,marouanabbessi,1,0.00645,8896,57.40095,15498
1251,mashedcode,1,0.00645,8897,57.40741,15498
1252,mateeyowt,1,0.00645,8898,57.41386,15498
1253,MatrixManAtYrService,1,0.00645,8899,57.42031,15498
1254,matthew-fong,1,0.00645,8900,57.42676,15498
1255,MatthieuCutin,1,0.00645,8901,57.43322,15498
1256,mattiaperi,1,0.00645,8902,57.43967,15498
1257,mattjtodd,1,0.00645,8903,57.44612,15498
1258,max201920,1,0.00645,8904,57.45257,15498
1259,md2119,1,0.00645,8905,57.45903,15498
1260,mdcfrancis,1,0.00645,8906,57.46548,15498
1261,meappy,1,0.00645,8907,57.47193,15498
1262,Megzo,1,0.00645,8908,57.47838,15498
1263,memelet,1,0.00645,8909,57.48484,15498
1264,mengyangGIT,1,0.00645,8910,57.49129,15498
1265,mfonner,1,0.00645,8911,57.49774,15498
1266,mgerhardy,1,0.00645,8912,57.50419,15498
1267,mgoltzsche,1,0.00645,8913,57.51065,15498
1268,michael-bouvy,1,0.00645,8914,57.51710,15498
1269,MichaelKissling,1,0.00645,8915,57.52355,15498
1270,michaelmohamed,1,0.00645,8916,57.53000,15498
1271,michelcameroon,1,0.00645,8917,57.53646,15498
1272,mikklfr,1,0.00645,8918,57.54291,15498
1273,minhnnhat,1,0.00645,8919,57.54936,15498
1274,MINI-Qiang,1,0.00645,8920,57.55581,15498
1275,Mishuni,1,0.00645,8921,57.56227,15498
1276,miticojo,1,0.00645,8922,57.56872,15498
1277,mkannekanti,1,0.00645,8923,57.57517,15498
1278,mkilchhofer,1,0.00645,8924,57.58162,15498
1279,mladedav,1,0.00645,8925,57.58808,15498
1280,Mohl,1,0.00645,8926,57.59453,15498
1281,monfardineL,1,0.00645,8927,57.60098,15498
1282,moritz31,1,0.00645,8928,57.60743,15498
1283,mortezaalizadeh,1,0.00645,8929,57.61389,15498
1284,moschlar,1,0.00645,8930,57.62034,15498
1285,mpromonet,1,0.00645,8931,57.62679,15498
1286,mrconnerton,1,0.00645,8932,57.63324,15498
1287,MrDienns,1,0.00645,8933,57.63970,15498
1288,mscatdk,1,0.00645,8934,57.64615,15498
1289,mshade,1,0.00645,8935,57.65260,15498
1290,mskwon,1,0.00645,8936,57.65905,15498
1291,muc,1,0.00645,8937,57.66551,15498
1292,murlock,1,0.00645,8938,57.67196,15498
1293,Myatu,1,0.00645,8939,57.67841,15498
1294,n3uz,1,0.00645,8940,57.68486,15498
1295,naude-r,1,0.00645,8941,57.69132,15498
1296,Nav77d,1,0.00645,8942,57.69777,15498
1297,nberlee,1,0.00645,8943,57.70422,15498
1298,ndemoor,1,0.00645,8944,57.71067,15498
1299,neerdoc,1,0.00645,8945,57.71712,15498
1300,Neonox31,1,0.00645,8946,57.72358,15498
1301,neoxack,1,0.00645,8947,57.73003,15498
1302,networkop,1,0.00645,8948,57.73648,15498
1303,newtonsu,1,0.00645,8949,57.74293,15498
1304,ngerstle-cognite,1,0.00645,8950,57.74939,15498
1305,ngobach,1,0.00645,8951,57.75584,15498
1306,nhinds,1,0.00645,8952,57.76229,15498
1307,nickkeyzer,1,0.00645,8953,57.76874,15498
1308,nicosto,1,0.00645,8954,57.77520,15498
1309,niftydevelopment,1,0.00645,8955,57.78165,15498
1310,nijikokun,1,0.00645,8956,57.78810,15498
1311,nikatjef,1,0.00645,8957,57.79455,15498
1312,nkaplatt,1,0.00645,8958,57.80101,15498
1313,nobleach,1,0.00645,8959,57.80746,15498
1314,non7top,1,0.00645,8960,57.81391,15498
1315,northlander,1,0.00645,8961,57.82036,15498
1316,novboy,1,0.00645,8962,57.82682,15498
1317,nwber,1,0.00645,8963,57.83327,15498
1318,nzicecool,1,0.00645,8964,57.83972,15498
1319,oliviermichaelis,1,0.00645,8965,57.84617,15498
1320,optimuspaul,1,0.00645,8966,57.85263,15498
1321,Orabig,1,0.00645,8967,57.85908,15498
1322,orangejuice,1,0.00645,8968,57.86553,15498
1323,Osokarp,1,0.00645,8969,57.87198,15498
1324,outbackdingo,1,0.00645,8970,57.87844,15498
1325,outofcoffee,1,0.00645,8971,57.88489,15498
1326,owen-carter,1,0.00645,8972,57.89134,15498
1327,Oxylibrium,1,0.00645,8973,57.89779,15498
1328,OyutianO,1,0.00645,8974,57.90425,15498
1329,p3lim,1,0.00645,8975,57.91070,15498
1330,padiazg,1,0.00645,8976,57.91715,15498
1331,pamarquez,1,0.00645,8977,57.92360,15498
1332,pankajkgarg,1,0.00645,8978,57.93006,15498
1333,PanosIs,1,0.00645,8979,57.93651,15498
1334,paraglade,1,0.00645,8980,57.94296,15498
1335,pasikarkkainen,1,0.00645,8981,57.94941,15498
1336,pataha,1,0.00645,8982,57.95587,15498
1337,patrick0057,1,0.00645,8983,57.96232,15498
1338,pauloalima,1,0.00645,8984,57.96877,15498
1339,pcastellazzi,1,0.00645,8985,57.97522,15498
1340,pcgeek86,1,0.00645,8986,57.98168,15498
1341,pdisciascio,1,0.00645,8987,57.98813,15498
1342,pentateu,1,0.00645,8988,57.99458,15498
1343,phantomlsh,1,0.00645,8989,58.00103,15498
1344,PhilippeVienne,1,0.00645,8990,58.00748,15498
1345,piahoo,1,0.00645,8991,58.01394,15498
1346,pierdobauce,1,0.00645,8992,58.02039,15498
1347,PierreKircher,1,0.00645,8993,58.02684,15498
1348,piotron,1,0.00645,8994,58.03329,15498
1349,plutoid,1,0.00645,8995,58.03975,15498
1350,pojntfx,1,0.00645,8996,58.04620,15498
1351,polachz,1,0.00645,8997,58.05265,15498
1352,pramodvallanur,1,0.00645,8998,58.05910,15498
1353,prdoyle,1,0.00645,8999,58.06556,15498
1354,Promaethius,1,0.00645,9000,58.07201,15498
1355,Pscheidl,1,0.00645,9001,58.07846,15498
1356,psy-q,1,0.00645,9002,58.08491,15498
1357,publinchi,1,0.00645,9003,58.09137,15498
1358,puneetmathur-87,1,0.00645,9004,58.09782,15498
1359,pysen,1,0.00645,9005,58.10427,15498
1360,qadet123,1,0.00645,9006,58.11072,15498
1361,QuentinFAIDIDE,1,0.00645,9007,58.11718,15498
1362,qxo,1,0.00645,9008,58.12363,15498
1363,r1cebank,1,0.00645,9009,58.13008,15498
1364,r4ym0n,1,0.00645,9010,58.13653,15498
1365,R8s6,1,0.00645,9011,58.14299,15498
1366,RaananHadar,1,0.00645,9012,58.14944,15498
1367,radum,1,0.00645,9013,58.15589,15498
1368,rafaribe,1,0.00645,9014,58.16234,15498
1369,rafi,1,0.00645,9015,58.16880,15498
1370,rajr0,1,0.00645,9016,58.17525,15498
1371,ramonck,1,0.00645,9017,58.18170,15498
1372,ramsrib,1,0.00645,9018,58.18815,15498
1373,rassadi,1,0.00645,9019,58.19461,15498
1374,raul1991,1,0.00645,9020,58.20106,15498
1375,rdelcorro,1,0.00645,9021,58.20751,15498
1376,redblade,1,0.00645,9022,58.21396,15498
1377,reoring,1,0.00645,9023,58.22042,15498
1378,Rested,1,0.00645,9024,58.22687,15498
1379,rgstephens,1,0.00645,9025,58.23332,15498
1380,rgulden,1,0.00645,9026,58.23977,15498
1381,richardlewisjones,1,0.00645,9027,58.24623,15498
1382,Ripolak,1,0.00645,9028,58.25268,15498
1383,Rkallenkoot,1,0.00645,9029,58.25913,15498
1384,rlabrecque,1,0.00645,9030,58.26558,15498
1385,rlex,1,0.00645,9031,58.27204,15498
1386,rmweir,1,0.00645,9032,58.27849,15498
1387,RobinsChens,1,0.00645,9033,58.28494,15498
1388,robodude666,1,0.00645,9034,58.29139,15498
1389,rockylee3128,1,0.00645,9035,58.29784,15498
1390,rogeliodh,1,0.00645,9036,58.30430,15498
1391,rohrit,1,0.00645,9037,58.31075,15498
1392,Roihn,1,0.00645,9038,58.31720,15498
1393,rokf,1,0.00645,9039,58.32365,15498
1394,rolfberkenbosch,1,0.00645,9040,58.33011,15498
1395,rollwagen,1,0.00645,9041,58.33656,15498
1396,rom1pass,1,0.00645,9042,58.34301,15498
1397,rossbeazley,1,0.00645,9043,58.34946,15498
1398,rshiva777,1,0.00645,9044,58.35592,15498
1399,rudderfeet,1,0.00645,9045,58.36237,15498
1400,ru-sh,1,0.00645,9046,58.36882,15498
1401,ruskofd,1,0.00645,9047,58.37527,15498
1402,ryanelliottsmith,1,0.00645,9048,58.38173,15498
1403,ryanmjacobs,1,0.00645,9049,58.38818,15498
1404,ryanschwartz,1,0.00645,9050,58.39463,15498
1405,ryepup,1,0.00645,9051,58.40108,15498
1406,salerio-gs,1,0.00645,9052,58.40754,15498
1407,samba,1,0.00645,9053,58.41399,15498
1408,sapher,1,0.00645,9054,58.42044,15498
1409,saulfrank,1,0.00645,9055,58.42689,15498
1410,SayakMukhopadhyay,1,0.00645,9056,58.43335,15498
1411,sc250024,1,0.00645,9057,58.43980,15498
1412,scatat,1,0.00645,9058,58.44625,15498
1413,schemacs,1,0.00645,9059,58.45270,15498
1414,schemen,1,0.00645,9060,58.45916,15498
1415,sdelrio,1,0.00645,9061,58.46561,15498
1416,Sebastien-HATTON,1,0.00645,9062,58.47206,15498
1417,segabond,1,0.00645,9063,58.47851,15498
1418,semtexzv,1,0.00645,9064,58.48497,15498
1419,SergeyBear,1,0.00645,9065,58.49142,15498
1420,SerialVelocity,1,0.00645,9066,58.49787,15498
1421,sethcohn,1,0.00645,9067,58.50432,15498
1422,setop,1,0.00645,9068,58.51078,15498
1423,sharpone74,1,0.00645,9069,58.51723,15498
1424,Shogan,1,0.00645,9070,58.52368,15498
1425,silme,1,0.00645,9071,58.53013,15498
1426,silvacraig,1,0.00645,9072,58.53659,15498
1427,simonfr,1,0.00645,9073,58.54304,15498
1428,sirtuxalot,1,0.00645,9074,58.54949,15498
1429,sjfbjs,1,0.00645,9075,58.55594,15498
1430,sjmiller609,1,0.00645,9076,58.56240,15498
1431,skarlekar,1,0.00645,9077,58.56885,15498
1432,Sky-Blue-007,1,0.00645,9078,58.57530,15498
1433,smartwang,1,0.00645,9079,58.58175,15498
1434,smerschjohann,1,0.00645,9080,58.58820,15498
1435,snow-jallen,1,0.00645,9081,58.59466,15498
1436,soilsk,1,0.00645,9082,58.60111,15498
1437,sonttran,1,0.00645,9083,58.60756,15498
1438,SoreGums,1,0.00645,9084,58.61401,15498
1439,spicysomtam,1,0.00645,9085,58.62047,15498
1440,spmason,1,0.00645,9086,58.62692,15498
1441,spullara,1,0.00645,9087,58.63337,15498
1442,squishykid,1,0.00645,9088,58.63982,15498
1443,srdjan,1,0.00645,9089,58.64628,15498
1444,starkers,1,0.00645,9090,58.65273,15498
1445,staticfrost,1,0.00645,9091,58.65918,15498
1446,steadysupply,1,0.00645,9092,58.66563,15498
1447,stevef1uk,1,0.00645,9093,58.67209,15498
1448,steven-tan,1,0.00645,9094,58.67854,15498
1449,steve-winter,1,0.00645,9095,58.68499,15498
1450,stigok,1,0.00645,9096,58.69144,15498
1451,stintel,1,0.00645,9097,58.69790,15498
1452,st-nwpu,1,0.00645,9098,58.70435,15498
1453,stove-panini,1,0.00645,9099,58.71080,15498
1454,sulegis,1,0.00645,9100,58.71725,15498
1455,sunpeinju,1,0.00645,9101,58.72371,15498
1456,superdevofficial,1,0.00645,9102,58.73016,15498
1457,sureshsankaran,1,0.00645,9103,58.73661,15498
1458,szlyunnan,1,0.00645,9104,58.74306,15498
1459,T0MASD,1,0.00645,9105,58.74952,15498
1460,taigrr,1,0.00645,9106,58.75597,15498
1461,talha22081992,1,0.00645,9107,58.76242,15498
1462,tanelmae,1,0.00645,9108,58.76887,15498
1463,tarioch,1,0.00645,9109,58.77533,15498
1464,tariq-islam,1,0.00645,9110,58.78178,15498
1465,tbruun,1,0.00645,9111,58.78823,15498
1466,tcassaert,1,0.00645,9112,58.79468,15498
1467,tdbs,1,0.00645,9113,58.80114,15498
1468,tdensmore,1,0.00645,9114,58.80759,15498
1469,tdorsey,1,0.00645,9115,58.81404,15498
1470,TeNNoX,1,0.00645,9116,58.82049,15498
1471,tetrash,1,0.00645,9117,58.82695,15498
1472,teyc,1,0.00645,9118,58.83340,15498
1473,tfabien,1,0.00645,9119,58.83985,15498
1474,tfpereira,1,0.00645,9120,58.84630,15498
1475,thecjharries,1,0.00645,9121,58.85276,15498
1476,TheDemonCat,1,0.00645,9122,58.85921,15498
1477,therealgambo,1,0.00645,9123,58.86566,15498
1478,theshatner,1,0.00645,9124,58.87211,15498
1479,theStrayPointer,1,0.00645,9125,58.87856,15498
1480,threedliteguy,1,0.00645,9126,58.88502,15498
1481,timtorChen,1,0.00645,9127,58.89147,15498
1482,titan85,1,0.00645,9128,58.89792,15498
1483,tly1980,1,0.00645,9129,58.90437,15498
1484,todaywasawesome,1,0.00645,9130,58.91083,15498
1485,tomoyk,1,0.00645,9131,58.91728,15498
1486,toomyem,1,0.00645,9132,58.92373,15498
1487,tpihl,1,0.00645,9133,58.93018,15498
1488,trawor,1,0.00645,9134,58.93664,15498
1489,tsadoklf,1,0.00645,9135,58.94309,15498
1490,tsahiduek,1,0.00645,9136,58.94954,15498
1491,tx19980520,1,0.00645,9137,58.95599,15498
1492,ty4z2008,1,0.00645,9138,58.96245,15498
1493,u007,1,0.00645,9139,58.96890,15498
1494,udanpe,1,0.00645,9140,58.97535,15498
1495,ukiuni,1,0.00645,9141,58.98180,15498
1496,ultral,1,0.00645,9142,58.98826,15498
1497,unautre,1,0.00645,9143,58.99471,15498
1498,unixorn,1,0.00645,9144,59.00116,15498
1499,VeselaHouba,1,0.00645,9145,59.00761,15498
1500,Vesnica,1,0.00645,9146,59.01407,15498
1501,viceice,1,0.00645,9147,59.02052,15498
1502,victorcasado,1,0.00645,9148,59.02697,15498
1503,viklund,1,0.00645,9149,59.03342,15498
1504,vincentserpoul,1,0.00645,9150,59.03988,15498
1505,vinceskahan,1,0.00645,9151,59.04633,15498
1506,vizv,1,0.00645,9152,59.05278,15498
1507,vkim-rogers,1,0.00645,9153,59.05923,15498
1508,VladimirAkopyan,1,0.00645,9154,59.06569,15498
1509,vlastoun,1,0.00645,9155,59.07214,15498
1510,w169q169,1,0.00645,9156,59.07859,15498
1511,w4,1,0.00645,9157,59.08504,15498
1512,wabuMike,1,0.00645,9158,59.09150,15498
1513,walkerandco,1,0.00645,9159,59.09795,15498
1514,walterhiggins,1,0.00645,9160,59.10440,15498
1515,wArren-Huang,1,0.00645,9161,59.11085,15498
1516,weber-software,1,0.00645,9162,59.11731,15498
1517,wedgeV,1,0.00645,9163,59.12376,15498
1518,wildcloud3,1,0.00645,9164,59.13021,15498
1519,wimo7083,1,0.00645,9165,59.13666,15498
1520,winrey,1,0.00645,9166,59.14312,15498
1521,wkclz,1,0.00645,9167,59.14957,15498
1522,wpfnihao,1,0.00645,9168,59.15602,15498
1523,wpwoodjr,1,0.00645,9169,59.16247,15498
1524,wstian,1,0.00645,9170,59.16893,15498
1525,wtthetop,1,0.00645,9171,59.17538,15498
1526,Xanagandr,1,0.00645,9172,59.18183,15498
1527,xanmanning,1,0.00645,9173,59.18828,15498
1528,xbmono,1,0.00645,9174,59.19473,15498
1529,xgenvn,1,0.00645,9175,59.20119,15498
1530,xinity,1,0.00645,9176,59.20764,15498
1531,xnutsive,1,0.00645,9177,59.21409,15498
1532,xueyongg,1,0.00645,9178,59.22054,15498
1533,xuxusheng,1,0.00645,9179,59.22700,15498
1534,xykonur,1,0.00645,9180,59.23345,15498
1535,xz64,1,0.00645,9181,59.23990,15498
1536,yaamai,1,0.00645,9182,59.24635,15498
1537,Yajo,1,0.00645,9183,59.25281,15498
1538,yangm97,1,0.00645,9184,59.25926,15498
1539,yexiang841,1,0.00645,9185,59.26571,15498
1540,yifeikong,1,0.00645,9186,59.27216,15498
1541,yjzen,1,0.00645,9187,59.27862,15498
1542,yrn1,1,0.00645,9188,59.28507,15498
1543,yuppies09,1,0.00645,9189,59.29152,15498
1544,yuvalailer,1,0.00645,9190,59.29797,15498
1545,zacheryph,1,0.00645,9191,59.30443,15498
1546,zackb,1,0.00645,9192,59.31088,15498
1547,zaggash,1,0.00645,9193,59.31733,15498
1548,zhangalex,1,0.00645,9194,59.32378,15498
1549,zhaofengcumt,1,0.00645,9195,59.33024,15498
1550,zhiminwen,1,0.00645,9196,59.33669,15498
1551,zodiac1214,1,0.00645,9197,59.34314,15498
1552,zombor,1,0.00645,9198,59.34959,15498
1553,zoza1982,1,0.00645,9199,59.35605,15498
